99
xsxffdevnheraiplnpwloqhkpiesvyyzcnqhcknyobhbleixdyqnxavymefayttrunbhyxgsrqkoadcpoezfwqkohujfpsybcfh
10679
2 43 85
2 54 79
1 7 t
2 36 48
1 6 n
2 47 56
2 47 80
1 91 b
1 58 l
2 56 93
1 99 n
2 18 86
1 58 c
2 54 78
2 22 37
2 8 15
2 14 22
2 10 80
1 80 x
2 22 54
1 41 u
2 14 63
1 11 i
1 93 k
1 40 r
1 53 l
1 63 l
2 59 66
1 36 g
2 62 83
2 5 12
2 38 84
1 57 b
1 4 x
1 17 g
1 25 h
1 43 s
1 23 k
1 61 m
1 98 f
1 71 v
2 16 32
1 59 u
1 26 j
2 36 37
1 86 h
1 58 h
1 74 x
1 77 c
2 60 86
2 23 61
1 82 x
1 9 w
2 90 98
2 27 60
2 10 79
1 12 k
1 69 l
1 29 a
2 71 73
2 56 88
2 37 58
1 47 p
1 48 r
2 38 96
2 52 84
1 16 h
2 12 85
2 7 84
1 65 w
2 43 90
2 1 13
2 1 85
1 1 z
1 96 f
2 49 67
2 20 44
2 63 93
2 50 53
1 62 t
1 88 e
1 3 v
1 72 e
1 4 n
2 41 45
1 14 v
2 44 48
1 85 x
2 37 92
1 29 n
1 38 q
2 35 45
2 23 42
1 63 q
1 8 a
2 16 48
1 6 g
2 52 55
1 75 s
1 71 u
1 92 h
1 60 d
1 22 k
1 97 y
1 62 z
1 92 f
2 12 59
2 22 89
2 17 70
2 24 56
1 60 x
2 5 13
2 24 41
1 93 r
2 15 86
2 15 41
1 88 b
1 66 m
1 63 y
1 97 j
2 25 39
1 32 w
2 79 94
2 28 59
1 41 r
2 10 52
2 18 75
2 20 92
2 45 49
1 70 o
1 85 a
1 2 n
1 29 y
1 99 d
2 6 42
1 89 y
2 68 75
2 10 35
1 73 t
2 31 96
2 12 14
1 18 e
2 34 39
1 90 x
1 9 u
1 88 y
2 93 99
1 20 m
2 52 76
2 33 41
2 42 43
1 60 o
1 77 o
1 71 u
2 79 96
2 1 52
1 87 v
2 72 74
2 24 86
1 26 d
1 2 p
1 5 d
1 25 l
2 44 58
2 30 36
1 63 v
1 80 p
1 45 m
1 85 c
1 90 b
2 45 88
2 11 19
2 22 60
1 40 m
2 77 86
2 11 39
1 9 o
2 54 57
2 19 55
1 53 j
1 7 g
1 69 a
1 84 p
2 53 76
2 34 49
1 87 q
1 49 l
1 16 l
1 71 c
2 49 51
2 81 92
1 87 t
2 29 77
1 20 i
2 6 41
1 27 r
2 32 61
1 97 s
2 78 81
1 71 c
2 20 85
1 29 w
1 78 u
2 21 28
2 2 34
2 1 3
1 20 b
1 38 s
2 94 99
2 33 79
2 26 66
2 36 60
1 98 t
1 14 b
1 31 h
1 53 f
2 41 71
1 23 f
1 21 g
2 55 85
1 10 k
1 42 a
1 5 c
1 51 p
1 43 u
2 49 80
1 24 v
1 48 y
2 40 93
1 56 m
1 60 h
2 3 69
1 99 i
2 1 37
1 52 t
1 23 z
2 71 95
1 28 f
2 4 33
2 30 51
2 14 22
1 48 a
2 36 52
2 60 77
2 6 94
2 6 86
1 18 k
2 15 75
1 63 b
1 80 x
1 23 w
2 50 74
1 22 q
2 6 47
1 38 l
2 68 89
1 51 a
2 76 95
2 39 65
2 85 86
1 60 g
1 7 y
1 6 l
2 65 99
2 7 96
2 26 93
1 58 s
1 92 d
2 58 98
1 61 a
2 33 43
1 91 i
2 6 22
2 26 56
2 1 21
2 20 27
1 17 q
2 45 76
2 8 79
1 74 d
2 26 70
2 58 86
2 1 46
1 37 l
1 72 d
1 96 f
2 70 98
2 26 94
2 13 23
1 20 g
1 70 k
2 54 80
1 91 h
2 43 75
2 27 83
1 57 q
2 28 67
2 29 42
1 3 n
1 57 s
1 52 u
2 27 72
1 49 z
2 64 80
1 98 l
2 22 28
2 7 19
1 40 n
2 41 64
2 49 61
1 35 s
1 41 i
1 83 t
2 64 76
2 70 88
1 71 y
1 85 r
1 47 a
1 23 l
1 42 v
1 47 e
1 34 m
1 63 x
1 53 s
1 24 r
2 22 68
2 22 48
2 29 43
1 66 b
1 66 f
1 75 q
2 15 20
1 36 u
1 69 n
1 84 p
2 23 73
1 61 d
1 89 c
2 1 96
1 46 d
1 9 u
1 79 m
1 6 q
2 15 16
2 35 81
2 15 58
2 29 43
2 10 90
1 73 i
2 51 77
1 32 l
2 17 45
2 4 59
1 2 b
2 35 38
2 30 43
1 20 m
1 95 p
2 10 90
2 41 86
2 68 85
1 44 v
2 87 96
2 35 87
2 95 99
1 43 o
1 15 b
1 91 x
2 54 78
2 33 42
1 27 y
2 9 95
2 79 96
1 10 q
1 51 x
1 20 o
2 24 75
2 5 30
1 56 z
1 45 t
2 6 33
2 46 82
2 10 90
2 63 87
1 11 j
2 58 89
1 53 s
2 50 98
1 50 p
2 43 92
1 9 p
1 84 y
2 38 50
2 24 29
1 45 s
1 17 b
1 55 l
2 54 55
1 14 l
2 74 88
1 59 v
1 34 m
1 75 h
1 17 c
1 56 p
2 9 66
1 95 n
1 47 r
2 26 83
2 63 78
1 60 p
1 85 z
1 13 b
2 39 61
2 1 70
1 1 j
1 80 f
1 28 r
1 60 x
1 71 p
2 3 23
2 16 99
1 90 t
1 11 u
1 42 g
1 75 p
2 56 93
2 64 87
1 61 v
2 14 68
1 32 z
1 59 a
1 61 v
2 81 94
2 11 65
1 63 t
2 82 95
1 51 z
1 9 z
2 35 83
1 83 r
2 58 92
2 15 45
2 42 53
2 1 10
1 75 l
2 53 96
1 70 p
1 81 j
2 20 79
2 3 20
2 71 95
1 71 y
1 26 n
1 81 k
1 55 q
1 89 r
1 79 h
1 80 n
2 44 55
2 38 92
2 46 93
1 45 q
2 28 79
2 70 89
2 46 73
1 1 s
2 41 82
2 92 99
2 33 71
2 89 94
2 6 56
2 27 34
2 26 57
2 4 77
2 24 70
1 42 x
1 56 c
1 57 f
1 43 h
2 28 55
1 59 d
2 15 55
2 22 73
2 41 72
2 14 39
2 30 36
2 16 63
1 6 e
2 19 52
1 78 v
1 68 l
1 8 i
2 53 75
1 81 h
1 5 n
2 26 91
2 35 68
1 49 z
1 32 x
1 99 x
2 3 6
1 55 w
1 18 j
2 26 44
2 11 61
2 61 70
2 78 99
1 5 k
2 94 99
1 38 g
2 47 75
2 85 94
1 68 p
2 20 63
1 68 w
1 73 e
2 12 99
2 29 38
2 22 95
1 14 w
2 33 68
1 80 x
1 56 r
2 44 67
2 42 43
1 50 c
2 45 54
2 24 40
1 85 c
2 23 31
2 10 75
2 25 96
2 41 57
2 93 98
2 5 45
2 36 58
1 11 v
1 95 x
1 48 f
2 23 43
1 55 y
1 13 u
2 45 58
1 69 d
2 7 25
2 33 62
1 30 z
1 5 q
2 4 43
1 72 w
2 1 85
2 76 85
2 7 69
1 32 g
1 41 u
1 37 c
2 53 67
2 12 34
1 66 l
1 84 h
1 23 c
1 88 o
1 79 z
2 29 48
1 7 n
1 25 z
2 15 44
2 4 66
1 36 j
1 20 m
1 41 p
1 67 w
1 80 e
1 14 e
1 11 d
1 7 s
1 2 n
1 62 y
2 8 86
1 54 q
1 49 x
1 39 c
2 8 74
1 91 g
1 58 a
1 91 g
1 47 o
2 5 91
2 35 46
2 51 61
1 41 d
1 58 c
2 20 61
2 6 91
1 17 t
1 42 m
2 27 68
1 51 q
2 19 38
1 61 p
1 77 b
1 70 k
1 71 e
1 48 n
2 2 92
1 58 o
2 1 45
1 62 v
1 38 w
2 9 70
1 54 q
1 66 m
2 22 90
1 89 s
2 54 95
1 19 v
1 12 n
2 12 49
1 60 i
1 42 y
2 52 80
2 32 91
2 18 97
2 40 47
2 2 18
1 66 d
1 71 h
1 37 v
2 10 25
1 12 e
2 9 67
1 44 o
1 69 o
2 35 56
1 4 o
2 37 57
2 53 92
2 49 90
2 12 43
2 41 65
2 89 99
2 60 97
1 79 v
1 65 u
1 45 r
2 47 61
1 57 h
1 97 e
2 35 66
1 58 v
1 89 i
2 1 39
1 41 d
1 60 t
2 23 36
1 94 s
2 31 79
1 21 h
1 33 y
2 24 32
2 29 55
1 3 k
2 1 21
2 42 84
1 20 m
2 10 81
1 16 t
2 34 95
2 12 15
1 17 w
1 76 u
2 10 31
2 74 77
2 31 46
2 29 63
2 13 75
1 92 m
2 41 43
2 6 83
2 35 82
1 69 h
2 71 98
1 82 y
2 13 46
1 79 w
1 94 k
2 60 85
1 56 c
1 57 j
1 94 h
1 94 h
1 66 k
2 33 90
1 50 i
1 47 o
1 89 w
1 18 k
1 36 h
1 92 k
2 31 83
1 69 t
2 10 75
1 73 x
2 41 87
2 30 72
1 89 s
1 9 f
1 35 l
2 52 70
2 58 80
1 52 l
1 11 e
1 69 b
1 88 i
1 82 a
1 53 z
1 92 q
2 42 67
1 42 h
2 12 72
1 22 k
2 12 47
2 14 59
1 18 v
2 74 99
2 16 99
1 72 g
1 89 f
1 23 w
1 87 i
1 61 c
1 48 d
1 18 m
1 27 a
1 78 o
1 86 z
1 48 r
2 61 73
1 96 i
2 22 78
1 74 l
2 29 63
2 12 98
2 8 88
2 54 86
1 24 a
2 79 95
1 63 z
2 47 61
2 58 86
1 80 q
2 6 84
2 10 22
2 6 40
1 49 z
1 11 p
1 54 p
2 27 42
1 64 e
2 2 70
1 13 s
1 82 i
1 10 h
1 2 h
2 49 62
1 53 p
1 58 b
1 63 p
1 49 u
1 48 d
2 43 72
1 76 h
2 2 39
2 5 50
1 61 a
1 97 a
2 35 55
1 34 s
1 32 y
1 5 r
2 7 59
2 48 91
1 99 n
2 47 69
1 35 j
1 6 r
2 64 97
1 10 y
2 73 99
2 19 76
2 1 28
1 30 l
2 34 65
2 66 96
2 25 57
2 25 63
1 96 c
1 47 d
2 39 88
2 31 66
2 67 71
2 48 56
2 80 95
2 11 87
1 86 s
2 96 98
2 74 96
1 4 u
2 75 92
1 17 l
2 87 89
2 28 88
1 89 m
1 10 a
2 11 62
1 96 m
1 62 w
1 57 n
1 60 x
1 91 y
1 80 l
1 83 f
2 24 42
2 72 97
2 16 40
2 56 94
2 23 99
1 38 e
1 53 g
2 4 9
1 72 v
2 31 32
2 26 94
2 29 31
2 23 82
1 71 d
1 36 s
2 4 50
1 27 e
2 42 44
1 47 q
1 11 p
1 11 c
2 1 27
1 52 o
2 4 94
2 56 99
1 71 c
2 12 96
1 92 a
1 55 v
2 46 87
2 41 99
1 45 j
1 26 r
1 44 q
2 16 97
2 43 86
1 58 g
1 4 m
2 2 83
1 81 k
2 16 24
2 64 89
2 55 90
1 49 b
2 11 54
2 6 74
1 46 d
2 24 81
1 51 r
1 36 y
1 33 h
2 10 54
1 30 b
2 71 89
1 88 w
1 46 n
1 88 f
2 35 82
1 99 u
2 41 78
1 19 z
2 19 59
2 5 73
2 9 74
1 47 p
1 51 v
2 46 57
1 97 v
2 34 34
2 7 25
1 11 j
1 66 m
1 46 t
1 89 o
1 71 a
2 25 71
2 7 61
1 10 b
2 17 36
1 89 m
2 35 52
1 98 q
2 5 37
1 17 c
2 7 89
2 36 37
2 48 62
2 56 59
1 35 x
1 17 f
2 36 74
2 21 23
1 93 u
2 19 91
1 5 m
1 95 n
1 44 l
1 2 c
2 34 36
1 17 h
2 80 92
2 96 99
2 57 59
1 80 t
1 80 k
1 90 f
2 14 47
2 21 44
2 11 82
1 90 z
2 12 60
1 72 a
2 37 71
2 4 66
1 51 b
2 63 82
1 49 y
2 25 54
1 68 v
2 68 78
1 39 b
1 36 v
1 69 f
1 43 b
1 66 r
2 43 67
2 53 55
1 6 t
2 13 22
1 99 l
2 32 66
2 5 50
1 36 q
2 36 66
1 69 d
1 34 r
1 93 k
1 81 i
1 24 q
1 49 y
2 24 47
1 98 c
1 32 m
2 1 9
2 71 96
2 20 39
1 96 j
1 33 h
1 31 n
2 22 46
2 28 70
1 55 q
2 39 65
2 6 40
1 4 p
2 6 74
2 38 97
2 66 78
2 86 90
2 14 48
1 35 n
1 89 g
2 7 22
2 40 99
2 46 62
2 41 70
1 80 a
2 50 62
1 98 k
2 91 92
2 69 94
1 82 w
2 9 86
1 23 s
1 51 c
1 79 w
1 24 h
2 18 71
2 30 87
1 34 l
2 3 33
2 8 68
1 61 h
2 37 41
2 47 87
2 36 44
1 75 r
2 12 84
1 2 v
2 39 47
1 34 n
2 18 87
2 46 98
1 45 f
2 4 75
2 86 92
1 26 q
1 70 c
1 27 c
2 49 69
1 29 d
2 32 77
2 26 35
1 92 r
1 96 g
2 55 81
1 16 d
1 49 g
1 13 i
2 32 95
2 70 90
1 60 t
2 31 80
2 30 52
1 97 p
2 6 66
2 19 74
2 50 58
2 18 58
1 73 z
2 32 78
2 78 99
1 2 j
2 9 82
1 70 z
1 39 w
1 78 u
1 54 h
2 8 72
2 28 96
1 23 i
1 6 v
1 54 l
1 73 d
1 3 s
2 5 68
1 96 z
2 26 79
2 27 97
2 57 62
2 17 34
2 38 87
2 31 76
1 88 a
2 14 93
1 34 p
2 7 68
1 12 i
2 2 96
1 60 h
2 79 88
2 75 91
1 53 v
2 11 91
1 72 u
1 67 s
1 6 g
1 22 t
1 50 d
1 81 u
1 69 a
2 80 91
1 97 u
2 19 31
1 98 s
1 63 p
2 45 46
2 28 43
1 99 v
1 31 k
2 88 91
1 47 x
1 46 k
2 9 74
1 74 i
1 1 q
1 48 j
1 52 f
1 96 v
1 62 d
2 15 38
1 83 z
1 58 d
1 67 u
1 33 d
1 37 c
2 67 70
1 94 w
2 65 83
2 19 46
1 23 d
1 28 k
2 36 45
2 30 84
2 17 85
2 5 95
1 53 z
1 52 l
2 2 52
1 17 z
1 74 i
2 14 65
2 71 82
1 50 r
1 41 v
2 39 70
1 38 i
2 48 83
1 39 p
2 49 63
2 7 51
2 8 80
2 39 68
2 16 38
1 71 c
2 21 54
1 82 f
1 25 d
2 33 77
2 31 61
1 27 c
2 29 38
1 57 e
2 63 68
1 66 d
1 7 l
1 77 j
1 37 h
1 85 d
2 69 92
1 25 p
2 64 84
1 48 t
2 53 64
2 57 64
2 51 77
2 37 60
2 80 80
2 1 31
1 86 d
2 19 61
1 31 q
2 87 89
1 63 r
2 58 68
1 87 b
1 79 d
1 42 b
1 48 w
1 77 d
1 62 m
1 61 y
1 66 j
1 78 h
1 86 m
2 46 49
1 46 k
2 26 86
2 4 72
1 12 e
2 60 74
2 47 83
1 19 b
1 81 a
1 35 e
1 27 k
2 50 95
2 65 87
1 66 z
1 29 d
1 11 l
2 84 94
1 55 x
1 86 j
2 20 94
1 58 m
2 54 58
1 28 p
2 52 86
2 25 33
1 6 z
2 25 26
2 29 71
1 39 n
2 34 85
2 12 14
1 38 p
1 20 l
2 79 87
1 28 k
1 22 b
1 36 p
1 29 g
2 65 86
1 86 y
2 35 56
1 33 h
1 76 j
2 8 76
1 23 h
2 11 28
1 1 o
1 5 t
1 93 g
2 36 97
2 63 86
1 34 a
1 91 q
1 16 h
2 31 48
2 12 99
1 47 g
2 33 96
2 46 68
2 90 94
2 75 99
2 65 70
2 18 86
1 21 k
2 8 9
2 21 34
2 43 76
2 46 52
2 18 62
2 36 86
1 21 p
2 8 35
1 56 t
1 7 o
1 74 b
2 32 41
2 38 89
1 23 x
1 18 t
2 62 85
1 93 u
2 10 82
1 71 q
2 48 66
1 76 g
1 42 b
2 70 70
1 95 o
1 28 u
1 41 l
1 42 n
1 20 v
2 54 71
2 16 99
1 53 k
1 44 c
1 49 c
2 11 31
2 17 34
1 72 c
2 23 41
1 21 h
2 74 90
2 1 48
2 69 88
2 26 92
2 47 51
2 9 61
2 49 76
1 7 e
2 31 31
2 88 92
1 58 a
2 9 48
2 56 92
2 43 49
1 72 o
1 6 i
2 76 97
2 34 44
2 8 85
2 39 48
1 13 a
1 44 h
2 2 59
2 32 41
1 46 q
2 20 32
2 65 72
1 16 m
2 15 86
2 12 41
1 40 a
1 18 f
2 8 54
1 14 r
1 67 e
2 22 80
2 56 87
1 40 j
1 23 f
1 7 j
2 1 22
2 61 77
2 74 80
1 90 k
1 38 i
1 27 l
2 55 66
1 48 b
1 71 e
2 42 47
2 18 44
1 53 r
1 7 x
1 79 g
1 75 r
2 10 51
1 40 q
2 9 71
1 4 s
1 56 k
2 62 79
2 61 90
2 76 86
1 34 m
2 36 82
1 27 b
1 70 p
2 47 92
1 25 r
1 33 z
2 42 57
1 29 k
1 95 b
1 72 m
1 74 t
2 16 25
2 1 48
2 39 75
2 17 94
1 56 d
1 42 m
1 16 p
2 11 94
2 26 32
2 72 89
2 68 95
1 2 b
2 47 70
2 72 87
2 7 30
2 38 76
1 33 f
2 16 49
1 25 m
2 29 31
1 94 b
2 59 88
1 80 k
1 11 g
1 90 z
2 26 64
2 50 71
1 84 n
1 4 r
2 36 40
1 7 w
1 60 b
2 5 34
1 87 r
2 39 94
2 41 87
1 13 i
2 19 90
2 37 90
1 60 j
1 50 x
2 4 14
2 2 37
2 57 72
2 18 73
2 53 79
2 60 97
1 69 x
1 55 f
1 89 r
1 42 s
1 52 e
1 18 k
1 72 s
2 51 87
1 44 u
1 56 o
2 33 87
1 93 k
2 30 85
2 73 89
1 54 h
2 73 74
1 7 r
2 3 74
2 14 99
1 42 s
1 83 b
1 26 v
1 41 e
1 77 g
1 5 h
2 29 56
2 3 99
1 7 w
1 57 a
2 42 93
2 21 90
2 56 92
1 4 h
1 93 z
1 78 r
1 62 g
2 24 80
2 36 80
1 28 k
1 77 u
1 52 r
2 25 46
1 30 x
1 85 s
1 64 s
1 83 v
1 70 r
1 91 p
1 90 x
2 78 87
2 11 55
1 88 z
1 95 c
1 93 z
1 3 g
2 55 76
1 26 y
1 70 v
1 35 f
2 12 90
2 5 48
1 81 s
2 25 64
2 30 87
2 2 72
2 66 75
1 95 n
2 50 77
1 36 i
1 19 i
1 28 u
2 49 51
2 3 31
2 60 78
1 84 g
2 41 47
2 15 85
1 89 h
1 96 h
1 30 b
1 28 h
2 10 99
1 71 c
1 29 f
2 20 49
2 37 39
2 64 98
2 65 72
1 23 c
1 7 q
1 43 p
1 9 f
2 36 82
1 46 n
2 50 55
2 77 99
1 27 o
1 41 b
2 43 82
2 19 41
2 5 32
2 25 38
1 83 t
1 3 n
2 40 89
2 7 73
1 52 m
1 93 p
1 60 g
1 28 f
2 37 96
2 29 57
2 69 69
1 93 j
1 50 s
1 3 j
2 39 93
2 23 25
2 64 96
2 81 85
1 59 j
1 82 n
2 3 47
2 18 38
2 52 93
1 39 s
1 81 z
2 21 81
2 24 30
1 47 h
2 25 99
1 53 z
2 29 86
1 17 s
1 80 l
1 9 y
2 11 80
1 54 w
2 31 66
2 49 73
1 65 z
2 34 86
1 3 n
2 24 38
1 3 t
1 24 r
1 29 r
1 29 g
2 58 66
1 78 p
2 43 68
1 64 s
2 15 62
1 49 x
1 37 a
1 28 c
1 56 f
2 46 80
2 38 88
1 59 o
1 45 f
2 30 36
1 95 s
2 59 90
2 13 91
1 33 a
1 87 w
2 2 25
1 13 q
1 72 r
2 86 89
1 81 h
2 46 68
1 40 j
1 92 k
2 29 90
2 24 61
1 28 e
2 7 20
1 51 m
1 50 y
2 80 92
1 89 p
1 5 p
1 31 x
2 59 85
2 56 62
2 2 6
2 41 77
2 14 66
1 20 s
1 20 t
2 64 76
2 68 69
2 16 26
2 2 24
2 52 58
1 92 s
1 52 j
1 3 p
1 18 k
1 91 p
1 70 h
2 10 91
2 26 38
2 19 76
1 96 r
1 88 y
1 25 a
2 1 37
2 47 80
1 99 f
1 81 t
2 33 92
1 58 v
2 21 57
1 59 u
2 60 98
1 44 q
1 42 g
2 23 93
1 87 b
2 36 47
1 83 k
1 34 v
1 83 u
2 82 95
1 8 n
2 66 96
1 78 s
1 25 d
1 77 k
2 16 44
2 31 41
2 13 41
1 99 p
2 19 89
2 48 86
1 24 a
1 9 m
1 6 u
2 14 48
2 39 99
1 29 r
1 15 e
1 69 t
2 64 67
2 7 77
1 23 d
1 2 h
2 38 64
1 6 o
2 7 48
2 2 80
1 67 d
1 32 p
2 48 68
2 78 99
1 38 u
1 94 y
2 84 85
1 64 u
2 27 63
2 10 23
1 46 u
2 2 50
2 2 4
2 68 94
1 82 z
1 99 g
1 91 f
2 3 7
1 92 y
1 30 c
2 53 90
2 4 39
2 6 74
2 14 55
1 87 d
2 35 60
2 1 47
2 13 22
1 74 d
1 67 b
2 8 72
1 88 h
2 1 66
1 27 i
2 31 87
2 64 69
1 51 g
1 64 k
2 54 80
2 3 15
2 23 33
2 6 67
2 26 53
1 75 w
1 10 w
2 13 14
1 39 t
1 26 b
2 71 96
1 14 f
1 18 g
2 49 78
2 34 85
2 31 53
2 15 26
2 26 29
2 14 26
1 12 g
1 4 x
2 52 62
2 38 86
1 40 a
2 12 68
2 24 70
1 58 r
1 41 t
1 38 r
1 64 m
1 44 h
2 19 91
2 42 47
2 16 37
2 6 22
2 4 77
2 57 72
1 40 z
2 80 83
1 95 m
1 86 v
1 64 y
2 4 84
1 39 x
1 65 g
2 21 66
2 30 42
2 55 93
1 68 v
1 85 g
2 6 76
1 53 k
2 20 96
1 75 s
2 31 39
1 70 v
1 62 e
1 36 c
1 37 u
1 20 w
2 92 95
2 17 88
1 84 e
2 49 82
1 38 b
2 53 58
2 10 79
1 41 k
2 46 47
1 33 w
1 94 h
2 25 54
2 15 44
2 6 26
2 7 99
2 15 80
2 2 96
1 11 k
2 7 10
1 90 k
2 40 89
1 58 f
2 38 74
2 9 74
2 31 38
1 85 z
1 58 j
2 57 94
2 49 94
2 14 19
2 18 65
1 5 c
1 30 g
1 1 n
2 45 64
1 60 p
1 61 g
1 76 u
2 83 99
1 72 i
1 66 a
2 32 96
2 25 32
1 7 v
2 8 74
2 41 73
1 62 i
2 23 61
1 48 q
1 45 q
2 49 58
1 88 l
1 31 v
2 70 74
2 66 86
1 13 a
1 74 l
1 71 l
2 58 60
1 94 q
1 28 p
1 72 l
2 14 51
2 87 94
2 23 37
2 10 79
1 94 y
2 45 90
2 25 47
1 64 o
2 55 65
2 29 84
2 32 60
1 47 u
2 15 18
2 64 94
1 93 a
1 98 v
1 53 l
2 10 62
2 73 95
1 85 j
1 1 b
2 23 23
1 31 q
1 62 b
2 66 91
1 45 x
1 48 n
2 54 78
2 3 9
2 1 81
2 22 87
1 88 m
2 31 88
2 27 29
1 49 e
2 33 71
1 21 w
2 35 82
1 88 q
2 38 57
2 7 20
2 60 89
2 48 76
2 46 78
2 3 18
2 67 82
1 64 d
2 50 73
2 10 77
1 12 c
1 17 p
1 94 r
1 62 x
2 30 94
1 50 c
1 82 n
1 14 a
2 14 49
1 4 y
2 22 50
1 67 a
1 28 g
2 77 98
2 21 32
1 89 t
2 18 45
2 14 79
2 32 84
1 77 g
1 26 l
1 72 k
1 92 s
2 7 24
2 35 55
2 67 76
1 90 z
2 44 45
2 30 49
1 19 k
2 37 72
1 71 h
1 52 s
1 48 f
2 23 70
2 56 71
2 86 98
2 92 97
2 77 83
2 35 91
1 36 p
2 28 50
1 63 d
1 96 d
1 75 u
2 41 42
1 88 u
1 8 w
2 36 54
1 37 z
1 20 c
2 74 83
2 17 60
2 25 82
1 59 k
1 50 s
1 41 f
2 37 85
1 54 g
2 14 85
1 59 e
2 28 76
1 80 k
2 29 80
2 5 47
1 23 j
1 74 c
1 21 j
1 39 u
1 94 e
1 80 q
1 99 u
2 55 94
2 77 78
2 7 17
2 21 42
2 78 81
2 12 34
1 7 u
2 11 73
2 43 98
1 47 t
1 59 q
1 61 s
1 15 g
2 48 61
2 13 82
1 43 s
2 4 33
2 69 90
2 15 23
1 41 p
1 94 l
2 2 19
2 24 31
1 55 s
1 32 r
1 32 p
1 89 s
1 29 q
2 4 34
1 5 b
1 62 a
2 4 78
1 59 r
2 64 65
2 27 28
1 79 h
1 56 r
2 28 95
2 31 31
1 38 b
2 14 27
2 3 13
2 30 37
2 22 44
2 57 99
2 43 49
2 20 69
1 63 g
1 92 y
1 9 a
1 49 m
2 4 62
2 23 41
2 55 61
1 1 k
2 46 83
1 18 l
2 64 98
1 98 l
2 40 41
1 46 c
2 18 88
2 2 19
2 29 52
1 5 e
2 52 53
1 40 k
1 59 x
1 25 f
1 1 m
2 47 86
1 77 e
2 28 34
1 97 p
2 45 76
1 14 e
2 26 40
1 77 o
2 50 85
1 76 e
2 29 73
1 68 u
2 51 56
1 15 y
2 53 84
2 37 73
2 2 28
1 23 u
2 13 36
2 26 94
2 37 53
1 77 z
2 18 23
1 8 o
2 84 93
2 5 33
1 21 d
2 10 91
1 24 f
2 11 44
2 15 52
2 5 14
2 63 95
2 20 84
2 16 59
2 31 32
2 27 38
1 92 k
2 5 15
1 60 r
1 1 k
1 96 g
2 11 80
1 79 b
1 69 e
2 32 39
2 39 77
2 7 62
2 10 69
2 1 38
2 18 19
1 98 l
1 19 s
2 6 81
2 15 71
1 1 z
1 73 b
1 27 z
2 3 95
2 35 64
1 68 t
1 4 g
2 30 89
1 51 y
2 13 56
1 6 g
1 42 e
1 77 z
1 43 g
1 21 n
2 69 87
2 4 64
1 65 o
1 34 g
1 90 y
2 24 30
2 84 88
2 74 83
1 50 f
2 41 41
2 24 85
2 4 21
2 49 83
2 60 97
2 31 67
1 47 n
1 48 o
2 23 70
2 46 73
2 4 6
2 26 78
2 14 33
2 88 94
1 58 j
2 16 98
2 22 28
2 19 78
2 11 49
1 53 a
2 69 94
1 79 o
1 21 h
2 30 97
1 11 v
2 4 72
1 75 u
2 87 92
2 1 7
1 95 d
2 52 60
1 99 h
2 32 97
2 25 54
1 75 p
1 20 y
2 30 80
1 16 h
2 4 28
2 6 15
2 59 95
2 54 89
2 54 55
1 74 k
2 30 58
2 16 30
2 12 16
1 91 e
2 67 85
2 19 23
1 69 q
1 89 q
1 47 b
2 12 55
1 50 g
1 32 l
1 17 c
1 22 c
1 52 u
2 1 16
1 9 f
2 2 92
2 20 62
1 31 e
2 82 92
2 36 91
2 87 90
1 64 s
1 27 o
1 89 f
1 68 u
1 17 g
2 2 58
1 39 f
2 73 90
1 71 c
1 20 a
1 71 b
2 26 53
1 85 p
1 49 q
2 22 74
1 47 y
1 42 f
2 39 73
1 10 d
2 31 37
2 2 31
2 54 67
1 58 k
2 4 44
1 17 n
2 6 39
2 32 89
2 64 79
1 37 c
1 72 v
2 25 78
2 8 85
2 39 63
1 34 c
1 24 j
2 46 57
2 1 29
2 14 61
2 12 79
2 16 31
1 83 b
1 80 l
2 32 85
2 78 88
2 3 11
2 23 31
2 45 95
1 15 s
1 20 x
2 17 88
1 51 m
2 33 42
1 90 a
1 28 p
2 30 83
2 16 36
1 10 q
2 13 19
1 74 q
1 47 g
1 31 o
1 2 n
2 16 62
1 44 a
1 31 s
1 9 o
1 33 f
2 4 38
1 23 a
2 21 64
1 40 f
2 48 89
2 25 29
2 58 99
2 11 79
2 45 47
1 19 h
2 8 37
1 71 g
2 43 77
1 16 b
1 39 c
2 10 62
2 44 53
2 3 73
2 18 80
2 55 82
1 29 t
1 22 v
1 19 z
2 27 56
2 53 62
1 7 b
1 72 e
2 73 91
1 24 o
1 59 j
2 50 86
1 35 v
1 81 f
2 41 87
2 18 87
2 10 48
1 36 y
2 28 34
1 29 g
1 83 y
2 53 66
1 42 m
1 14 v
1 74 l
1 46 p
1 15 g
2 43 64
1 55 p
1 80 v
1 72 v
1 5 v
2 15 55
2 6 86
1 82 z
1 36 q
1 42 s
2 52 87
1 93 x
1 94 j
1 94 q
1 31 o
2 6 87
2 4 31
2 43 89
1 52 r
1 16 i
2 4 6
1 63 a
2 24 38
1 90 p
1 79 h
1 82 j
2 48 86
2 69 92
1 73 j
1 2 j
1 8 j
1 19 k
1 94 p
2 18 41
1 56 a
2 3 31
1 53 u
1 95 u
2 79 81
2 85 98
1 73 n
2 21 75
2 22 98
1 69 h
1 66 m
1 71 p
1 29 g
2 62 76
1 28 m
2 26 51
1 48 k
1 55 x
2 16 66
2 26 27
1 63 o
2 74 94
2 13 96
1 1 b
2 49 90
2 64 89
1 23 n
2 22 44
1 60 x
2 59 96
2 45 80
1 52 i
2 61 84
1 45 w
1 77 i
1 11 w
1 16 e
1 48 z
1 65 h
1 35 s
1 1 g
2 15 58
2 20 90
2 18 41
2 69 73
2 37 62
2 55 70
2 36 87
2 6 15
2 40 61
1 19 x
1 26 m
2 40 67
2 9 48
1 13 s
2 18 86
2 4 6
2 90 99
2 55 65
2 13 21
1 61 o
2 73 99
1 12 d
2 14 41
1 55 n
2 4 32
1 86 c
2 67 96
2 2 67
1 52 l
1 30 h
2 2 83
2 79 94
2 92 96
1 13 u
1 62 f
1 65 e
1 33 v
2 12 12
1 51 k
2 35 39
1 31 m
1 56 e
1 41 y
2 91 92
1 8 v
2 5 80
2 39 70
1 46 e
2 77 98
2 59 65
1 48 x
2 50 61
2 17 25
2 47 86
1 42 v
1 76 d
2 11 17
1 41 z
1 64 k
2 3 36
1 59 e
1 7 o
1 50 f
1 88 d
1 90 g
1 77 v
1 83 q
1 65 n
1 79 q
1 39 e
1 36 c
2 56 58
1 13 t
1 10 i
2 73 82
2 62 78
2 93 99
1 61 v
1 70 j
1 57 d
1 89 n
1 35 i
2 65 85
2 10 53
2 29 49
1 65 o
2 10 50
2 10 51
2 67 99
2 64 82
1 38 h
1 99 x
2 27 57
1 45 v
1 43 e
1 29 d
2 6 60
2 8 88
2 41 45
1 51 k
2 2 38
1 52 t
2 83 92
1 2 o
2 8 16
2 4 10
1 15 w
2 28 62
1 16 j
1 9 n
2 65 70
1 72 r
2 13 68
2 84 93
1 89 l
1 54 x
2 28 97
1 76 j
2 69 99
2 9 68
2 77 95
1 99 g
2 20 75
1 68 m
1 6 s
1 58 t
2 31 74
2 22 34
2 17 52
2 32 73
2 19 41
2 88 99
1 94 q
1 67 h
1 43 p
2 60 67
2 22 68
2 72 85
2 13 96
2 5 56
2 36 60
1 75 f
2 42 75
1 95 v
1 7 o
2 19 72
1 4 f
2 20 27
2 6 25
2 34 76
1 57 t
2 70 74
1 89 u
1 66 v
2 6 35
2 51 87
2 4 7
2 68 69
1 78 o
2 7 33
1 69 m
1 72 u
2 56 82
1 21 e
1 97 e
2 12 72
1 14 k
2 11 56
2 62 83
1 22 j
1 81 r
1 16 b
2 41 78
1 56 h
1 40 u
1 68 l
2 7 91
1 14 s
1 70 o
2 17 84
2 67 81
1 27 t
1 53 v
1 28 j
1 66 n
1 68 y
2 38 60
1 63 k
1 13 w
1 94 p
1 68 b
2 57 98
2 53 77
2 25 30
1 19 k
2 71 76
2 18 96
2 89 90
2 17 42
2 18 41
2 8 26
2 24 66
1 69 v
2 1 32
2 42 67
1 24 v
1 82 r
1 72 j
1 41 h
1 17 c
2 76 76
1 87 f
2 38 68
1 36 h
1 89 z
1 87 j
2 19 98
2 30 31
1 5 l
1 8 w
1 32 m
2 19 40
2 2 52
1 23 e
1 89 j
2 16 94
1 75 f
1 92 q
2 49 50
1 2 x
2 25 39
2 32 64
2 41 76
1 4 f
1 62 a
1 49 j
1 34 p
1 36 v
1 92 j
1 96 q
2 70 82
1 3 z
1 91 n
2 23 71
1 19 g
2 51 53
2 24 30
2 42 69
1 55 a
1 93 k
1 96 j
2 33 57
2 27 97
1 90 k
2 45 79
1 67 t
2 26 77
1 22 z
1 98 y
1 76 e
2 18 45
2 32 81
2 34 68
1 1 e
2 8 92
2 74 86
2 1 46
2 56 93
2 67 95
1 86 r
2 44 58
1 80 n
1 55 s
2 16 94
1 67 g
1 49 f
1 72 a
2 8 13
2 6 34
1 35 c
1 53 z
2 72 82
2 12 21
1 21 o
1 27 w
1 57 t
1 89 z
2 44 91
1 68 g
2 31 79
1 58 u
2 20 51
1 81 l
2 12 70
2 66 80
1 94 q
2 13 91
1 19 o
2 38 60
2 35 38
2 55 75
1 22 a
2 45 53
2 17 84
2 35 84
2 14 90
2 88 99
2 76 84
1 73 w
1 5 b
2 3 96
2 45 62
2 62 77
2 14 31
1 67 t
1 84 i
1 35 d
2 8 18
2 35 78
1 99 y
2 5 58
1 31 f
1 96 k
1 63 w
1 45 g
1 71 n
2 1 64
2 82 95
2 52 89
2 13 31
1 21 e
2 45 72
2 48 88
2 22 91
2 21 56
2 50 93
2 5 19
1 87 t
1 68 h
2 36 48
1 50 z
2 76 82
2 12 84
1 75 s
2 74 83
1 19 m
1 96 l
2 37 51
2 86 96
1 14 w
2 35 56
1 69 w
1 89 z
2 6 95
2 51 77
1 55 l
2 32 43
1 51 m
2 37 90
1 23 n
1 72 g
1 86 a
1 3 z
2 2 26
2 14 84
2 21 54
2 27 96
2 12 48
2 18 32
2 3 75
1 75 y
2 37 70
1 31 b
2 12 74
2 3 48
2 6 63
2 73 79
1 42 b
2 12 92
2 78 90
2 1 98
1 85 h
1 26 u
2 51 74
1 75 d
1 17 c
1 99 q
2 46 83
1 46 g
1 90 u
2 22 51
1 26 v
1 27 r
1 95 b
1 2 a
2 43 49
1 63 u
1 17 v
2 58 85
1 77 p
2 9 15
1 2 z
2 1 69
2 53 86
1 46 b
1 62 w
2 59 93
1 1 n
1 81 w
1 3 c
2 4 72
1 54 v
2 8 92
2 46 78
2 27 35
2 42 47
2 11 21
2 64 85
2 44 46
2 58 73
1 64 w
2 31 47
2 82 85
2 38 92
1 77 b
2 31 77
2 25 32
1 74 l
1 57 x
2 13 27
1 36 o
1 14 t
2 18 75
1 75 k
2 72 77
2 18 86
1 11 l
2 27 42
2 43 89
2 58 99
1 45 v
2 18 87
2 38 71
2 17 78
2 65 92
2 20 90
2 27 59
2 26 51
2 24 81
1 64 g
1 39 v
2 36 91
2 37 66
2 12 54
1 49 o
1 94 y
2 8 77
1 71 v
2 22 90
2 10 38
2 39 56
2 35 82
2 22 43
2 92 95
1 66 c
1 8 y
2 62 68
2 45 59
1 6 d
2 44 59
2 2 68
2 2 15
2 49 86
2 35 63
2 64 80
2 5 91
1 99 n
2 60 96
1 42 l
1 5 d
2 48 65
1 85 c
1 43 y
2 53 66
2 27 45
1 25 w
2 43 88
1 97 l
2 26 73
1 70 d
2 3 41
1 78 m
1 14 c
1 96 d
1 56 x
2 64 68
2 45 58
1 41 c
1 70 i
2 7 30
2 29 89
1 90 x
1 98 b
2 2 37
1 37 x
1 76 p
1 48 h
1 10 n
2 18 29
2 2 74
1 88 u
1 45 g
1 93 y
2 8 89
1 29 s
2 19 67
2 22 93
2 43 99
1 17 l
1 5 g
1 49 x
2 28 50
1 7 e
2 19 99
1 92 v
2 5 80
2 10 28
2 10 49
1 95 a
1 39 n
1 52 n
2 44 85
2 60 74
1 10 j
1 59 t
2 14 19
1 36 r
2 20 83
2 5 17
2 47 54
2 50 88
1 45 q
1 6 q
2 68 86
1 69 e
1 30 h
2 16 62
2 41 49
1 7 z
2 4 49
2 17 46
2 28 70
1 97 b
2 6 20
1 21 q
2 20 31
2 18 57
1 24 k
2 30 64
1 3 b
2 31 52
1 61 z
2 19 75
1 53 e
2 30 68
2 5 97
2 49 56
2 31 74
2 87 98
2 39 63
1 64 p
2 5 38
2 17 83
2 65 99
1 94 h
1 45 v
1 48 i
2 70 73
1 70 f
2 87 95
1 54 y
1 62 u
2 6 90
1 50 e
1 83 t
2 70 71
2 27 69
2 75 93
1 93 d
2 28 84
2 30 44
2 29 52
2 1 25
1 14 s
2 16 78
1 22 y
2 26 72
1 18 o
1 52 u
1 29 x
1 45 e
1 53 f
2 25 48
1 2 x
1 22 r
2 29 31
1 59 x
1 73 y
2 29 59
1 95 k
1 93 b
2 27 92
2 25 54
1 92 p
1 2 i
2 51 62
2 3 10
2 37 84
2 64 91
2 5 88
2 49 77
2 56 59
2 3 27
1 57 q
1 28 f
1 36 o
2 47 68
2 20 33
2 22 35
1 32 d
1 52 a
1 1 h
2 93 96
1 52 u
1 39 s
1 67 p
2 4 33
2 20 21
1 7 z
2 11 68
2 15 47
1 46 y
1 32 y
1 5 n
1 14 m
1 51 r
2 63 78
2 43 96
2 46 75
2 23 96
2 35 38
2 11 48
1 47 s
2 10 89
2 33 97
2 78 93
2 25 70
1 46 o
1 19 h
1 37 w
2 35 87
2 11 80
2 9 93
1 65 w
1 62 k
1 32 j
2 29 41
2 1 21
1 22 r
1 70 s
1 36 o
2 28 39
1 20 z
1 4 n
1 12 z
1 82 t
1 21 u
2 47 83
2 66 84
1 52 f
2 39 56
2 9 70
1 70 y
1 51 q
1 36 v
1 46 y
1 48 q
2 33 48
2 28 55
2 20 20
2 9 59
1 35 l
2 12 56
1 83 f
1 22 o
2 46 91
1 28 d
2 9 64
1 2 y
1 21 c
2 3 71
2 50 65
1 41 w
2 2 52
1 28 v
2 45 53
2 11 99
1 98 z
2 40 86
2 4 77
1 23 m
2 10 98
1 80 k
2 40 49
1 51 c
2 28 74
1 77 k
1 72 w
2 12 23
1 50 z
1 68 u
1 48 f
1 47 v
2 64 91
2 12 15
1 75 h
2 43 99
2 28 60
1 31 x
2 87 98
2 50 84
1 92 u
2 38 71
1 16 p
2 24 34
1 85 y
1 81 a
2 64 92
2 33 75
2 19 55
2 73 95
1 92 y
1 91 c
1 76 b
1 56 c
2 48 56
1 34 m
1 49 i
2 33 82
2 60 84
1 22 j
2 7 57
1 40 o
2 23 87
2 14 30
2 68 99
1 73 x
2 61 73
1 68 s
1 18 x
1 14 f
2 13 83
2 4 14
2 30 98
1 38 p
2 72 86
2 12 89
1 49 p
2 4 89
1 52 l
1 20 k
2 35 99
2 27 90
2 6 58
1 92 l
2 55 92
2 44 64
1 76 x
1 69 e
2 45 60
1 86 n
2 12 30
2 31 77
1 74 b
1 47 x
1 64 j
2 12 45
2 39 87
1 70 w
2 84 90
1 97 c
2 30 68
1 41 n
2 78 86
2 20 31
1 74 i
2 16 17
2 16 49
2 26 78
1 68 v
2 18 38
1 71 r
2 10 34
1 48 d
1 93 l
2 9 31
2 41 81
2 36 72
1 85 u
1 90 m
1 98 m
2 65 96
1 75 g
2 51 88
2 36 88
2 17 62
2 19 96
1 34 b
1 17 a
1 28 a
1 62 k
1 51 p
1 52 t
2 47 99
2 27 57
2 62 92
2 31 67
2 38 84
2 40 71
1 44 p
2 21 21
1 87 y
2 23 39
1 91 a
2 10 53
2 33 58
1 89 b
1 26 t
2 11 75
2 15 72
2 12 74
1 8 z
1 62 q
2 42 84
1 33 b
1 83 b
2 26 91
1 87 p
2 32 89
1 55 k
2 37 96
1 52 r
1 89 v
2 90 95
2 55 95
1 75 f
1 35 a
1 87 u
2 49 83
1 14 l
1 81 g
2 45 56
2 6 64
1 75 j
2 22 76
2 73 95
1 13 t
1 55 d
2 14 88
1 95 g
1 91 l
1 43 q
1 43 o
2 13 61
1 30 s
2 34 87
1 8 g
1 28 n
2 51 72
2 97 98
1 69 x
1 22 p
2 54 77
1 17 l
1 12 h
2 43 50
2 1 85
1 33 v
2 88 97
2 30 49
1 87 a
2 37 80
1 47 s
2 20 90
2 1 51
2 55 81
2 1 40
2 48 88
1 52 s
1 44 z
1 43 w
1 71 y
2 55 77
1 61 g
2 93 96
2 12 81
1 6 c
2 11 61
2 9 10
2 14 91
2 3 54
1 82 r
2 12 54
1 31 z
1 36 r
1 13 x
1 3 e
1 78 u
1 73 b
1 99 s
1 4 c
1 87 m
2 64 97
1 63 z
1 31 k
1 86 a
2 40 60
1 68 v
2 24 25
2 34 45
1 35 p
1 48 b
1 51 k
2 28 83
1 33 l
2 16 51
1 58 h
1 20 c
2 45 49
1 53 x
2 10 34
1 87 k
1 35 y
1 28 m
2 59 78
2 63 80
1 19 g
1 68 a
1 24 v
2 44 51
1 85 r
2 24 74
1 62 r
2 34 51
1 76 k
2 32 66
1 94 j
1 58 y
2 39 56
2 17 48
2 47 99
2 32 90
2 58 98
2 11 55
2 70 82
2 7 20
2 25 78
2 19 41
2 29 58
2 1 57
2 69 91
2 42 76
1 81 p
1 64 x
2 12 76
2 60 74
1 90 e
1 47 y
2 35 98
2 26 42
1 84 z
2 54 93
1 18 e
2 26 95
1 61 n
1 93 z
2 20 77
2 89 94
2 7 62
1 79 n
1 35 l
1 6 h
2 43 66
2 47 77
2 37 54
1 40 b
2 2 9
1 45 f
1 9 r
2 4 56
2 22 74
1 21 a
2 1 54
1 95 n
2 8 61
2 27 64
1 55 h
1 20 t
1 97 y
2 35 36
1 12 q
1 76 m
2 7 56
1 14 d
2 75 94
1 83 u
2 54 62
2 49 95
2 11 63
1 7 l
1 88 g
2 54 56
1 93 y
1 73 k
1 15 g
2 46 97
2 64 76
1 56 x
2 58 76
2 53 97
2 35 91
1 90 n
1 68 f
2 59 79
2 63 75
2 18 29
2 43 59
1 81 x
2 8 73
1 41 v
1 65 j
1 51 a
1 55 f
2 37 53
2 57 90
1 84 h
2 51 53
2 33 83
1 81 p
1 25 b
2 79 92
2 34 86
1 50 g
2 80 91
1 59 g
1 94 m
1 45 k
2 81 99
2 6 29
1 28 j
1 4 d
2 21 64
1 2 s
1 42 t
2 24 41
1 33 v
2 2 19
2 25 25
1 78 i
2 66 76
2 62 95
2 3 6
1 90 u
1 56 c
1 77 w
1 33 h
2 33 58
2 20 21
2 24 62
1 59 f
1 8 x
2 51 81
2 35 58
1 25 r
1 7 p
1 6 f
2 22 36
1 59 t
2 33 61
2 18 43
2 45 82
1 70 r
1 73 x
1 46 o
1 63 s
1 94 s
2 35 91
2 57 88
2 27 37
1 89 c
2 48 90
1 10 l
2 48 86
2 67 75
2 54 62
2 33 48
1 15 p
2 34 60
2 41 96
1 65 w
2 39 48
2 26 63
1 64 s
2 77 86
2 24 97
2 21 57
2 27 42
2 39 86
2 30 50
1 79 c
1 21 h
1 68 z
1 84 r
1 84 o
2 30 93
1 53 l
1 82 n
1 47 u
1 54 l
1 16 f
2 19 55
2 34 96
1 45 j
2 24 96
2 28 88
1 16 q
1 5 b
1 71 i
1 80 g
1 51 h
2 42 56
1 33 m
2 32 60
1 73 k
1 27 h
2 34 61
1 68 e
1 83 t
1 69 x
1 62 c
1 33 v
2 48 85
1 17 d
1 51 z
2 22 33
2 51 89
1 14 g
1 45 b
1 22 r
1 75 v
1 2 m
1 96 q
2 15 38
2 18 36
2 36 84
1 72 x
2 29 42
2 15 46
1 88 f
1 40 z
2 2 30
2 56 85
2 46 48
1 42 y
1 39 f
2 19 93
2 34 98
2 37 61
2 7 51
2 72 87
2 75 87
2 33 72
1 92 s
1 5 i
2 6 17
1 77 q
1 88 n
2 5 7
1 42 s
2 12 78
1 66 e
2 37 99
2 16 19
2 4 33
1 67 l
1 58 m
2 43 58
2 12 61
2 12 37
2 54 86
1 83 y
2 21 68
2 68 96
2 59 99
2 24 34
1 31 b
2 5 68
1 3 z
2 7 66
1 67 d
1 21 v
1 40 f
1 65 m
1 10 q
1 71 o
2 9 93
1 75 s
1 2 n
2 9 56
2 25 38
2 40 82
2 15 50
2 71 85
1 91 q
1 26 e
1 77 b
1 10 i
1 74 i
2 32 53
2 21 95
2 5 16
1 4 u
2 55 92
2 48 52
2 35 54
1 35 u
2 35 51
1 90 f
2 46 56
1 36 h
1 36 i
1 6 i
2 10 82
1 6 x
1 79 v
2 70 88
2 13 26
1 44 c
2 82 87
1 86 l
1 64 w
1 41 c
2 18 50
1 35 c
2 59 61
1 15 y
1 59 f
1 62 a
2 12 19
1 62 s
1 89 d
1 31 r
2 15 30
2 23 41
1 80 l
2 23 51
1 16 x
1 31 p
1 17 p
2 42 43
1 85 r
1 69 g
2 15 85
2 39 49
2 25 42
2 13 81
2 23 46
1 52 y
2 54 83
1 86 t
1 42 s
2 76 77
2 89 97
1 52 n
2 42 65
2 51 87
2 1 51
2 36 79
1 72 l
2 65 87
1 88 w
2 1 27
2 25 43
1 4 d
2 22 71
2 17 21
2 2 25
1 11 b
1 48 v
1 97 c
1 80 q
2 7 92
1 70 r
1 49 c
2 9 63
1 84 q
2 29 50
1 30 r
1 89 w
1 24 n
2 14 51
1 12 r
2 25 84
1 92 i
1 38 u
2 15 60
1 72 n
2 1 74
1 40 a
2 84 98
1 70 u
2 4 18
1 77 o
2 80 83
2 42 50
1 10 q
1 11 v
1 12 r
1 75 j
1 46 v
2 15 45
2 19 96
1 87 j
2 30 34
2 28 72
1 40 c
1 4 h
1 74 z
2 16 96
2 19 48
1 76 t
1 99 g
1 57 e
2 39 74
1 50 k
1 60 y
1 39 b
1 23 f
1 39 v
1 68 n
1 34 f
1 51 j
1 75 k
1 24 v
2 26 58
1 18 n
2 14 19
2 48 87
2 24 77
1 35 e
1 82 j
2 18 74
1 13 w
2 55 56
1 18 u
2 40 44
1 18 o
2 11 92
1 68 r
2 43 92
2 35 42
1 45 o
2 51 84
1 27 k
1 33 k
1 66 d
2 51 97
2 64 86
2 47 63
2 34 59
2 36 42
1 6 y
2 9 57
2 21 87
2 6 16
2 1 48
1 17 i
2 40 80
2 14 28
2 3 34
1 96 i
1 28 a
1 1 o
1 66 q
2 22 23
1 28 w
1 53 x
2 17 51
1 15 b
2 16 65
1 86 f
2 87 93
1 96 p
2 38 99
2 18 26
1 85 b
2 62 72
1 44 y
2 16 76
2 34 40
2 40 44
1 44 c
1 92 s
1 50 a
1 48 o
2 58 82
2 29 29
2 16 71
1 57 d
2 23 50
1 57 r
2 84 98
2 40 88
1 85 z
1 79 a
1 44 i
1 38 p
2 27 50
1 90 g
2 23 25
2 2 99
2 3 97
2 29 77
2 4 70
1 95 w
1 4 a
2 63 85
2 35 45
2 13 86
1 51 t
1 91 r
1 1 s
2 64 66
2 66 86
1 8 q
2 17 95
1 50 k
1 17 a
2 8 50
2 28 62
2 16 19
1 12 h
1 53 v
2 12 32
2 50 77
1 5 y
1 21 i
2 5 35
2 18 80
2 81 90
1 54 j
2 6 84
2 3 70
1 75 y
2 15 52
1 7 g
1 22 l
2 45 87
2 13 95
2 65 66
2 31 75
1 49 u
1 58 j
2 42 95
1 32 e
1 8 k
2 32 33
2 10 71
2 36 41
2 16 74
1 23 h
2 30 83
2 37 96
1 35 r
2 87 99
2 44 64
2 3 33
1 26 i
2 50 85
2 42 97
1 12 d
1 47 z
1 84 h
2 28 41
2 19 36
1 61 s
1 4 g
1 47 f
2 6 62
2 6 11
1 47 z
2 14 78
1 49 n
2 53 69
1 42 y
2 64 77
1 37 j
2 57 75
2 78 85
1 34 d
2 18 49
1 76 j
1 73 w
2 9 37
1 26 q
1 3 r
1 24 z
1 79 a
2 38 54
1 97 t
2 3 63
2 88 88
2 15 78
2 16 20
2 51 70
1 14 m
1 73 f
2 9 75
2 31 76
1 24 g
2 34 87
1 66 y
2 1 24
1 51 c
1 32 m
2 19 62
2 72 94
1 34 e
2 36 83
2 45 69
2 15 44
2 15 82
2 3 33
2 72 91
2 3 4
1 93 o
2 10 59
2 17 23
1 55 e
2 8 9
1 35 p
1 10 z
2 44 92
1 37 l
2 65 71
1 42 v
2 26 86
1 44 l
1 17 d
1 75 h
2 30 33
1 53 n
1 57 n
2 29 59
2 76 99
1 66 n
1 53 s
1 9 w
2 44 77
2 23 63
1 12 v
1 7 c
1 1 n
2 44 95
2 58 80
2 42 59
2 7 23
1 58 d
2 64 82
2 10 11
2 32 68
2 43 55
1 35 l
2 31 46
1 46 t
1 72 j
1 28 s
2 70 74
2 23 29
1 69 r
1 70 e
1 7 s
1 43 w
1 90 q
2 29 85
1 82 t
2 10 33
2 9 90
2 18 75
2 13 87
2 13 82
1 34 q
1 55 u
2 27 82
1 29 z
1 18 w
2 6 85
2 50 74
2 53 87
1 91 r
1 93 a
1 8 s
1 32 m
2 8 35
2 1 90
2 26 64
1 74 r
2 3 71
2 41 47
2 2 52
2 67 87
1 45 q
2 30 34
2 70 94
1 86 d
2 2 10
2 5 67
2 52 70
1 41 k
1 42 y
2 70 74
2 85 93
1 72 v
2 1 12
2 29 52
2 52 54
2 77 96
1 10 h
2 3 23
1 80 v
1 24 h
2 31 56
2 13 42
2 22 66
2 28 74
1 75 v
1 56 q
2 42 52
2 52 56
1 39 j
2 87 98
2 7 51
2 9 25
1 14 y
1 42 g
2 5 14
1 50 n
1 13 t
1 37 x
2 44 64
2 8 84
2 10 72
1 59 b
1 50 m
1 17 o
1 4 g
1 74 n
1 24 o
1 6 b
1 22 d
2 22 96
1 57 n
1 25 c
2 39 89
1 31 y
2 11 97
1 14 i
2 19 79
1 62 f
1 89 f
1 72 q
2 68 85
1 76 m
1 68 x
2 31 58
1 38 s
1 89 i
2 44 63
2 39 89
2 60 77
1 5 v
2 54 85
1 21 r
2 15 63
2 27 37
1 1 x
2 13 72
2 35 45
2 54 91
1 27 u
1 91 g
2 43 78
2 24 42
2 22 97
1 40 d
1 60 q
2 9 26
1 35 f
1 95 b
1 73 a
2 8 65
1 36 o
1 97 g
2 36 52
1 40 c
2 8 82
2 68 90
1 41 b
1 53 m
1 64 z
2 90 98
1 46 b
1 43 z
1 6 z
2 9 46
2 39 60
1 72 i
1 13 j
2 71 98
1 30 u
1 2 m
1 86 c
2 13 22
2 23 83
1 54 y
2 1 88
2 26 64
1 63 m
1 32 d
1 89 e
1 93 u
1 30 b
2 7 93
2 27 57
2 28 58
2 72 87
1 98 m
2 16 35
2 88 92
1 6 l
1 10 r
1 28 q
2 10 80
1 32 s
2 20 32
1 73 p
2 6 32
1 38 w
2 21 35
2 8 44
2 66 67
1 54 y
1 94 x
1 21 y
2 34 82
1 8 u
2 44 91
2 55 89
2 21 44
1 96 u
2 38 69
1 22 y
2 71 93
2 12 16
2 2 49
2 36 94
2 57 66
2 1 2
1 77 c
2 61 87
1 27 n
2 76 82
2 23 90
2 62 96
2 39 60
1 45 p
2 70 91
2 56 67
1 35 e
2 44 95
1 20 t
2 45 78
1 47 i
2 8 54
1 56 b
2 35 99
2 42 85
2 20 62
1 28 j
1 38 n
1 54 l
2 28 73
1 49 t
2 33 78
1 72 j
2 70 80
1 8 h
2 78 96
2 53 88
2 15 17
1 94 n
2 19 39
1 94 x
2 44 51
2 62 67
1 72 p
2 40 49
1 97 e
1 87 x
2 65 81
2 52 93
2 24 62
2 34 36
1 73 f
1 34 k
1 57 m
1 35 x
1 77 w
1 53 b
2 62 67
2 29 72
1 66 h
2 90 99
1 94 t
1 7 p
2 21 98
1 38 r
2 53 72
1 81 n
1 45 z
1 6 e
2 66 83
1 9 r
1 18 n
1 74 r
2 33 91
1 90 z
2 30 90
1 52 i
1 32 v
2 74 98
2 27 32
2 61 84
2 58 95
1 97 k
2 7 17
1 64 f
2 6 60
1 82 i
1 16 k
1 27 d
1 75 h
2 42 62
1 42 c
1 26 r
2 44 90
2 34 77
1 4 u
1 7 x
1 13 p
2 40 69
1 42 o
1 26 c
2 6 53
1 27 p
1 45 s
1 79 g
2 28 48
2 53 99
2 8 85
2 86 86
1 64 z
2 31 90
1 78 w
1 41 o
2 17 41
1 25 g
2 14 41
1 34 v
1 62 k
2 31 43
1 37 m
2 13 21
1 39 c
1 21 v
1 17 r
2 79 83
1 17 r
1 50 n
2 16 95
1 40 g
1 81 r
1 42 c
1 72 g
2 8 73
2 17 61
1 50 a
2 35 84
1 2 s
2 49 95
2 46 50
2 59 78
1 41 j
1 42 a
1 63 h
1 43 s
1 12 b
2 7 48
2 71 90
1 89 p
1 55 l
1 85 y
1 66 x
2 38 63
1 76 b
1 65 k
2 61 63
1 68 m
1 55 p
1 35 w
2 40 78
2 43 94
2 18 73
1 10 j
1 27 x
2 44 57
1 87 o
2 9 26
2 66 78
1 19 a
1 89 m
2 57 62
1 43 n
1 24 x
2 34 53
1 23 j
1 27 h
1 63 q
1 48 c
1 75 a
1 4 f
1 15 a
2 49 99
1 24 r
1 88 a
1 44 c
1 38 j
2 54 92
2 49 96
2 73 76
2 8 40
2 17 57
1 34 y
1 2 k
2 13 60
1 23 l
2 25 36
2 55 80
1 17 p
1 14 y
2 64 87
1 49 x
1 96 k
2 79 84
2 5 90
2 5 66
2 21 70
2 9 62
1 2 l
2 75 95
1 59 s
1 2 w
2 29 70
1 20 k
1 50 g
2 17 70
2 54 76
2 15 80
2 26 68
2 15 68
1 91 l
1 60 f
1 23 v
1 57 a
2 13 69
1 52 p
1 16 q
1 36 d
2 17 55
1 78 q
2 37 47
2 32 87
2 7 81
2 23 90
1 30 g
2 35 94
1 93 w
2 41 86
2 36 69
2 9 13
2 33 65
2 32 69
1 50 d
1 24 v
1 73 d
2 59 63
1 1 p
2 4 41
2 85 94
1 22 n
2 65 81
2 61 95
1 75 p
1 19 m
1 89 y
1 39 y
1 8 d
1 95 g
2 73 88
1 57 h
2 35 55
2 6 57
2 81 95
1 34 k
1 4 d
1 55 l
2 3 4
1 37 e
2 9 58
2 5 70
1 91 z
1 21 a
2 3 72
1 70 o
1 18 i
2 12 64
2 5 46
2 23 23
2 63 99
1 99 p
1 24 k
1 55 e
2 28 90
2 73 99
1 45 i
2 29 51
2 66 92
2 55 69
2 42 71
2 23 54
2 38 53
1 15 j
1 18 n
1 40 l
2 43 67
2 43 49
1 33 o
2 56 72
2 15 19
1 28 b
1 15 e
2 7 80
2 59 94
2 46 74
1 28 r
1 4 f
1 20 i
2 69 82
1 90 u
1 39 y
2 15 18
1 36 v
2 85 89
2 60 81
1 69 k
2 9 24
2 55 97
2 23 74
1 19 x
2 30 93
2 45 49
2 19 41
1 10 n
1 88 s
1 47 l
2 11 48
2 5 65
2 7 70
2 81 90
1 38 i
2 1 45
1 23 h
2 73 93
2 79 92
2 44 58
2 71 86
2 36 80
1 34 j
1 92 z
1 15 b
2 59 62
2 73 95
1 68 d
1 44 t
2 7 15
1 60 k
1 15 z
1 4 c
2 36 45
1 71 a
1 77 i
1 34 s
1 38 l
1 21 x
2 55 76
2 45 53
2 19 62
1 56 e
1 53 q
2 41 42
1 97 u
1 79 b
2 58 93
1 38 e
1 51 j
1 79 g
2 35 69
1 49 s
2 23 28
2 56 63
2 37 74
2 11 18
2 66 97
2 24 56
2 8 73
2 27 89
1 57 e
1 46 r
2 3 86
2 66 68
1 36 b
2 71 86
2 48 76
2 27 65
1 58 i
2 9 43
1 61 g
2 73 79
1 49 e
2 9 91
2 75 85
2 81 89
2 17 94
1 12 o
2 38 70
1 12 q
1 43 t
2 17 87
2 34 90
1 27 f
1 46 k
2 9 39
1 48 l
2 6 52
1 66 f
1 23 u
2 21 65
2 25 79
1 46 c
2 22 72
1 41 b
1 45 n
2 37 56
2 81 96
2 6 81
2 8 18
1 74 p
2 25 86
2 14 48
1 71 b
1 43 n
1 89 h
2 37 45
2 40 48
1 66 v
1 22 c
2 78 91
1 38 k
2 26 27
1 9 x
1 99 d
1 61 s
1 1 t
2 51 58
2 70 84
1 85 u
2 32 49
2 4 72
1 29 m
2 13 37
1 3 w
2 15 19
1 18 d
2 24 61
1 44 y
1 77 b
1 92 z
1 43 i
2 14 20
1 77 x
2 61 62
2 10 51
2 39 62
1 55 g
2 10 22
1 35 b
2 1 44
1 17 d
2 37 95
1 84 h
2 30 57
2 37 81
1 99 q
2 5 77
1 91 q
1 3 q
1 19 j
1 64 c
2 28 95
1 64 v
2 67 70
2 27 50
2 11 48
2 6 31
2 91 94
2 56 80
1 44 n
2 48 52
2 75 87
2 20 46
2 7 26
1 37 u
2 20 26
2 66 83
2 46 75
2 7 49
1 48 o
2 27 79
1 12 n
1 3 z
2 7 66
1 80 p
2 14 69
2 34 53
2 68 77
2 20 55
2 5 86
1 68 j
1 67 b
1 64 h
1 93 q
2 8 80
1 4 w
2 79 93
2 28 32
2 62 97
2 58 93
2 54 84
1 16 x
1 4 m
2 44 72
2 53 91
2 32 36
1 63 l
2 23 37
1 74 x
2 3 96
1 44 p
2 74 75
1 81 n
2 26 86
1 3 t
1 8 x
2 39 82
1 97 x
1 5 u
1 7 x
1 10 l
2 3 46
2 1 45
2 62 71
1 83 j
1 17 d
2 44 90
2 78 99
2 4 62
1 50 g
2 26 35
2 36 74
2 50 75
2 64 71
2 24 50
2 48 55
1 86 c
1 3 n
2 44 79
2 28 85
2 47 58
1 10 v
2 6 27
1 17 n
2 24 36
2 24 27
1 27 j
1 32 b
2 30 72
1 94 p
2 27 55
1 64 c
2 9 99
1 12 n
2 9 32
1 19 v
1 57 z
2 34 39
2 12 13
1 92 z
2 82 97
2 27 89
2 50 64
1 38 c
2 92 96
1 42 g
2 23 42
2 22 27
1 90 q
1 38 r
2 11 17
2 21 27
1 9 g
1 71 b
2 7 89
2 74 80
2 36 61
1 12 m
2 11 25
1 59 b
2 16 65
1 75 g
2 51 67
2 88 94
2 31 40
2 46 52
2 90 98
1 76 a
1 50 f
1 22 c
2 26 92
2 80 87
2 36 73
2 14 95
2 15 29
1 96 v
1 31 h
1 16 v
2 30 44
2 40 61
1 93 y
2 69 76
1 43 q
2 34 98
2 28 57
2 86 95
2 11 58
2 7 25
1 28 x
2 22 41
2 93 97
1 22 o
1 68 e
1 26 g
1 93 d
2 35 55
1 47 p
1 51 x
1 57 v
2 7 66
1 36 b
1 76 w
2 72 82
1 76 k
1 67 p
1 37 v
2 35 66
2 37 60
2 36 51
1 44 e
1 20 k
1 51 x
1 24 e
2 3 96
2 93 99
2 5 10
2 67 85
1 70 g
1 90 c
2 2 39
2 16 69
2 79 88
1 12 r
1 34 y
1 64 i
1 73 r
1 36 l
2 16 62
2 63 78
1 14 a
1 91 a
2 46 66
1 13 y
2 6 23
1 56 p
1 9 e
1 54 f
2 28 61
1 58 d
1 62 x
1 18 c
1 64 g
1 29 f
1 86 i
2 67 70
2 45 92
2 71 99
1 42 z
2 73 84
1 34 t
2 1 91
2 39 97
2 26 79
1 83 m
2 2 45
1 83 b
2 10 63
1 8 s
1 12 y
1 95 j
1 19 z
1 11 n
1 6 d
2 3 32
2 57 93
1 66 z
2 80 80
2 40 59
1 11 n
1 17 x
1 64 f
1 29 t
2 29 33
1 30 q
2 14 89
1 47 y
1 7 d
1 36 j
1 78 o
1 23 o
2 53 85
2 15 94
2 86 97
2 32 53
1 20 i
1 44 v
2 8 65
1 69 y
2 68 72
1 25 a
2 30 91
1 59 m
2 7 96
1 76 y
2 40 99
2 4 95
1 73 n
1 86 b
1 10 e
2 45 83
1 34 x
2 50 96
1 52 t
2 74 96
2 3 80
2 38 44
2 22 43
1 75 h
1 39 m
1 50 l
1 17 i
2 61 77
2 69 74
2 15 42
1 94 k
1 6 h
1 58 w
1 43 c
1 34 u
1 33 a
2 72 74
1 24 v
2 36 55
2 29 46
2 77 88
1 96 l
2 53 64
2 6 44
2 17 57
2 22 60
2 16 29
2 50 91
1 89 r
2 32 97
2 35 75
2 46 60
2 45 58
2 70 91
2 23 28
2 89 95
1 82 p
1 46 x
1 48 i
1 52 h
2 30 31
2 67 72
2 44 66
1 86 t
1 47 b
1 32 a
1 9 w
2 64 77
1 45 a
2 11 53
1 1 x
1 74 y
2 17 69
1 59 j
1 84 y
2 21 63
1 62 q
2 10 86
2 23 92
1 29 f
2 6 70
2 31 47
2 6 41
2 44 52
2 25 32
2 16 68
1 40 k
1 29 a
2 9 54
2 34 60
2 32 94
1 88 w
2 81 85
1 26 x
2 14 40
1 92 j
2 29 78
2 8 15
1 80 x
2 5 20
1 46 h
2 38 72
2 17 68
1 72 w
2 55 91
1 54 u
1 72 s
2 24 67
1 79 t
1 81 s
2 71 75
1 34 z
1 78 x
2 58 74
1 67 j
1 61 a
2 11 66
1 27 d
1 22 a
1 6 v
2 4 69
1 94 i
2 21 69
2 9 78
2 4 72
1 95 x
1 78 j
2 2 59
2 53 82
1 32 x
2 53 88
2 18 53
1 84 f
1 69 y
1 78 m
2 28 84
2 40 90
1 63 v
1 56 c
2 15 50
2 17 87
2 66 90
2 7 31
1 1 f
1 35 i
2 43 61
2 31 74
1 4 w
1 37 w
1 57 h
1 31 p
1 32 g
2 24 48
1 62 p
1 22 x
1 2 g
1 64 f
1 38 v
1 6 i
2 39 93
1 38 p
1 69 l
2 31 86
2 9 85
2 4 84
2 54 99
1 62 t
2 29 55
1 80 z
1 21 x
2 9 30
1 33 y
1 49 o
2 50 59
2 43 43
2 25 59
2 31 39
2 46 97
1 76 v
2 55 76
2 38 90
2 23 63
1 8 h
2 67 78
1 69 g
1 29 d
2 40 96
2 13 31
1 43 v
1 46 g
2 82 97
1 97 o
2 12 72
1 24 t
2 17 69
2 41 62
2 35 47
2 79 92
1 8 v
2 24 65
2 25 30
2 18 75
2 50 83
2 14 79
1 94 t
1 7 p
1 2 k
1 75 p
2 6 41
2 64 93
1 18 e
1 21 t
1 81 q
1 18 e
1 37 j
2 15 32
1 24 x
1 5 b
2 67 71
1 76 l
2 70 98
1 1 j
1 18 h
2 22 28
2 47 63
2 6 68
2 16 87
2 20 41
1 63 c
1 92 a
2 19 49
1 47 r
2 90 94
1 46 s
2 80 91
1 12 g
2 25 56
2 10 16
2 3 92
1 13 s
1 82 u
2 8 51
1 34 z
1 72 r
2 14 46
1 54 p
2 30 64
2 29 60
2 3 95
2 1 59
1 2 n
1 86 q
1 39 k
2 32 66
1 69 q
2 48 55
1 79 k
2 23 62
2 6 33
2 13 69
1 27 t
2 52 53
1 86 z
1 14 i
2 34 90
2 5 44
2 8 29
2 26 36
2 48 78
2 9 44
2 1 3
1 10 y
2 87 96
1 39 p
2 15 78
2 14 15
2 43 87
2 2 49
1 6 i
1 4 v
1 32 o
2 1 46
1 8 n
1 5 r
1 52 v
1 22 v
1 97 e
1 1 j
1 89 t
2 32 49
1 49 w
2 34 43
1 25 p
1 20 l
1 56 i
1 36 q
1 41 h
1 83 l
2 41 82
2 4 67
2 35 70
1 42 a
2 12 92
1 50 n
2 21 29
1 12 o
1 80 c
2 33 52
2 22 58
2 3 99
1 68 x
1 99 h
2 31 33
2 66 91
1 30 l
1 3 d
2 33 42
2 19 40
1 13 b
1 90 j
1 69 k
1 11 n
2 18 79
1 26 m
2 21 57
2 3 8
1 61 n
1 80 i
2 20 91
1 35 v
2 4 23
1 36 e
2 83 99
1 90 z
1 11 d
2 76 97
1 82 w
2 12 62
1 14 h
2 18 38
2 15 75
2 29 66
2 83 98
2 28 78
1 94 p
2 31 44
2 15 63
1 80 m
1 4 h
1 52 r
1 77 v
1 81 s
2 83 85
1 60 s
1 41 g
1 2 v
2 52 66
2 7 88
1 98 e
1 53 i
1 27 l
1 98 g
2 18 18
2 9 19
1 48 s
1 96 p
2 26 64
2 4 54
2 23 72
1 56 i
1 12 h
1 59 u
2 10 97
1 63 b
2 32 48
1 33 r
2 18 57
2 89 95
2 26 84
1 56 v
2 12 32
1 89 j
2 33 75
2 27 59
2 60 63
2 41 58
2 17 94
1 70 l
2 4 5
2 48 59
1 15 t
2 37 61
1 60 o
1 41 r
2 29 77
2 43 72
2 56 79
1 2 y
1 44 t
2 10 29
1 2 m
1 77 x
1 45 f
1 86 c
1 93 j
1 46 i
1 64 u
2 1 88
1 38 q
2 37 57
1 79 y
1 42 k
1 51 x
1 88 p
2 1 43
2 1 36
1 94 e
1 35 s
1 94 f
1 90 j
1 82 u
1 7 v
2 23 90
1 79 f
2 22 59
1 26 n
1 90 b
1 19 b
2 26 66
1 62 i
1 81 j
2 15 28
2 28 39
2 49 66
1 11 a
2 9 78
2 48 71
2 14 20
2 7 12
1 16 b
2 53 65
2 43 78
2 66 67
1 97 l
1 70 s
1 33 g
2 5 68
1 49 y
2 2 7
1 77 r
2 57 99
1 10 s
1 4 o
1 74 a
1 93 q
2 63 71
2 54 76
2 30 94
1 81 n
1 71 d
2 49 83
1 74 s
2 1 3
2 13 87
1 54 h
2 5 30
2 39 54
1 33 v
1 32 r
2 74 95
2 40 93
2 15 36
2 60 66
2 76 90
1 30 a
2 57 68
1 62 d
1 96 h
2 34 69
2 45 94
2 89 97
2 38 78
1 45 o
1 62 v
2 53 92
2 1 60
2 78 86
1 95 b
2 56 59
1 12 o
1 84 r
1 1 f
1 11 y
1 25 f
2 50 69
1 79 w
2 36 86
2 89 89
2 34 58
1 86 b
2 9 35
2 12 64
1 97 x
1 21 i
1 16 l
1 25 b
1 95 b
2 55 71
2 43 85
2 12 32
2 1 64
2 67 68
1 51 x
2 54 65
1 10 r
1 68 o
2 35 66
2 22 75
1 53 f
1 55 m
1 17 z
2 38 40
1 57 g
1 39 j
2 26 53
1 88 r
2 26 32
2 49 71
1 86 b
1 44 l
2 6 50
2 2 20
2 56 86
1 77 h
2 51 53
2 30 38
2 62 71
1 61 d
1 30 q
1 50 t
2 44 56
1 88 n
2 31 57
1 18 f
1 55 j
1 35 o
2 45 98
1 24 u
2 16 87
2 1 75
1 84 p
1 39 m
1 58 c
1 83 i
1 12 g
1 57 j
1 39 a
2 2 20
1 50 m
2 17 86
1 59 p
1 16 i
1 52 g
2 45 92
2 21 39
2 7 61
1 58 l
2 9 64
2 37 97
1 94 c
1 60 w
2 39 47
1 3 d
2 28 71
2 74 95
1 83 l
1 85 d
2 82 99
2 13 23
2 44 80
1 90 e
1 73 u
2 25 85
1 19 m
2 51 97
1 76 l
1 90 j
1 94 d
2 32 72
2 10 84
1 85 o
1 4 z
2 37 73
1 39 x
1 97 h
2 46 93
2 16 21
1 2 g
2 26 42
1 88 a
1 41 l
1 65 h
1 95 z
2 27 29
1 65 b
1 90 d
2 22 65
1 63 q
1 71 f
2 22 47
2 4 12
2 30 46
1 40 p
1 48 s
1 79 u
1 54 k
1 24 o
1 33 a
1 31 s
1 2 h
2 7 52
2 39 65
2 14 85
1 69 l
1 95 y
1 37 w
2 11 23
1 62 e
2 14 83
2 16 17
2 73 77
2 12 50
1 83 k
1 3 n
2 41 81
1 7 b
1 31 o
1 47 f
1 34 b
1 39 f
2 53 83
2 22 31
1 3 z
2 49 64
1 44 i
1 55 l
1 52 w
1 99 y
1 20 h
1 6 l
1 84 u
1 83 i
1 85 b
2 16 86
1 82 a
2 15 97
2 35 66
1 24 f
1 61 x
1 1 m
1 34 a
2 38 98
2 24 79
2 8 73
1 23 n
2 80 86
1 10 k
2 38 58
2 15 55
1 4 j
1 42 i
1 61 s
1 59 n
2 39 45
1 87 h
2 75 80
2 2 5
1 5 f
2 77 83
1 92 f
2 72 98
1 65 s
2 38 69
2 26 97
2 2 56
2 10 21
1 67 i
1 14 o
1 52 i
2 60 79
2 45 75
2 17 74
2 85 99
2 30 52
1 52 u
1 60 u
1 85 w
1 36 v
2 5 99
1 63 o
2 56 72
1 73 w
1 27 y
1 89 j
1 90 d
2 45 48
2 76 82
2 36 38
2 59 82
1 19 p
2 90 97
1 99 a
1 98 u
2 17 22
2 29 55
1 31 a
2 4 86
2 40 71
2 92 94
1 63 k
1 66 j
1 97 v
1 24 s
1 89 l
1 1 s
2 79 98
1 35 g
1 17 h
1 30 f
1 73 u
1 44 n
2 30 55
1 31 b
1 63 d
2 48 96
1 29 o
1 92 j
1 16 m
1 4 p
2 20 36
1 10 s
2 44 87
2 64 67
2 7 62
2 49 62
1 34 s
2 2 59
2 30 56
1 46 o
2 16 59
2 30 95
2 27 60
1 30 e
2 17 88
2 33 34
1 3 v
2 23 75
2 52 55
2 43 59
2 4 38
1 68 p
2 42 47
1 91 i
2 18 52
2 29 46
2 12 19
2 46 84
1 84 r
2 52 71
1 25 d
1 85 g
2 79 97
1 33 a
1 99 l
1 62 q
2 20 87
1 16 m
2 75 92
2 12 93
1 65 b
1 49 e
2 22 81
2 61 94
1 46 r
2 46 73
1 75 n
1 29 e
2 26 68
2 28 97
1 44 t
2 60 92
1 24 j
1 66 x
2 20 28
1 52 l
2 4 55
2 14 93
1 76 b
1 36 g
2 19 78
1 76 e
1 21 q
2 12 85
2 55 64
1 96 f
1 25 o
1 21 w
1 16 i
1 51 o
1 58 q
2 42 90
1 17 e
1 70 h
1 69 s
1 46 v
2 81 86
2 30 96
2 37 56
2 34 48
2 45 88
2 12 26
1 88 o
2 33 40
1 10 g
1 24 x
1 51 b
1 57 g
2 2 69
1 69 e
2 31 41
1 83 z
1 77 k
2 71 81
2 40 60
1 78 i
1 1 k
2 9 86
1 22 h
2 4 72
2 4 51
1 93 s
1 3 m
2 68 85
2 25 27
2 25 70
1 68 n
1 19 r
1 18 j
1 38 z
1 88 r
2 23 51
2 29 57
2 44 59
1 18 s
1 10 j
1 8 u
2 56 65
2 11 78
1 4 z
2 78 86
2 58 69
1 57 t
1 50 d
2 17 75
1 21 o
2 80 88
2 13 31
1 16 n
2 8 8
2 46 92
1 35 t
2 12 59
1 29 p
2 31 42
2 14 82
1 32 m
2 37 68
1 86 d
2 53 92
2 14 32
1 46 a
2 63 91
1 52 i
1 32 u
2 15 53
2 62 67
1 1 h
1 57 n
2 9 9
2 20 92
1 97 c
2 57 59
1 48 x
2 37 68
2 16 46
1 58 i
1 12 k
1 18 h
1 78 z
1 39 i
2 20 54
1 89 z
1 39 q
1 62 c
1 49 s
1 27 w
2 7 36
1 5 a
1 42 z
2 17 24
1 73 t
1 34 o
1 9 v
2 1 93
2 87 93
1 27 o
1 65 z
2 25 47
1 24 e
1 62 x
2 27 38
1 5 j
1 58 j
2 83 88
2 11 93
1 89 n
1 39 w
1 90 o
1 76 j
1 7 w
1 36 w
1 34 j
1 62 v
2 53 96
2 28 77
1 47 w
2 23 51
1 51 m
1 19 d
2 8 46
2 37 71
2 56 96
1 23 p
2 24 33
2 34 98
1 83 j
2 36 87
2 17 89
2 14 66
1 35 i
1 48 s
2 57 61
1 63 e
2 50 67
1 65 m
2 55 94
1 95 x
2 36 68
2 60 63
1 51 j
1 94 s
1 94 j
1 64 k
1 13 p
1 94 c
2 46 66
2 17 89
1 52 g
1 71 t
2 32 54
1 9 d
2 17 86
1 57 s
1 69 m
2 69 69
2 39 56
2 21 35
1 9 r
1 39 y
1 55 b
1 11 x
2 24 76
1 8 d
2 28 30
1 46 v
2 14 45
1 51 w
1 79 y
2 38 59
1 76 k
1 13 w
1 42 h
1 28 p
2 10 92
2 47 99
1 3 j
2 25 31
1 7 o
2 87 87
2 9 53
2 12 57
2 7 64
2 75 79
2 2 57
2 51 61
1 31 v
2 19 88
1 8 y
2 45 89
1 52 y
1 21 u
1 86 f
2 82 88
2 19 86
1 95 i
2 26 49
2 73 96
1 15 w
2 11 84
1 69 w
1 62 e
1 99 y
1 18 e
1 23 t
2 23 78
1 90 y
1 90 n
1 96 y
2 23 73
1 96 i
2 15 55
2 13 21
1 90 m
2 37 68
1 71 r
2 70 85
1 36 e
1 7 n
2 16 53
1 44 w
2 92 97
2 51 81
1 45 b
2 25 56
2 2 24
1 80 o
1 73 e
2 58 95
1 9 r
1 89 s
1 19 u
2 4 92
1 24 v
1 56 r
2 61 94
2 4 22
1 25 r
2 15 83
1 13 o
1 40 s
2 51 68
1 90 l
2 7 33
1 41 j
2 76 81
1 82 e
1 81 q
2 9 39
2 17 34
2 59 61
1 82 k
1 9 b
2 36 45
2 9 39
1 22 y
2 26 65
2 36 40
1 90 c
1 74 s
2 72 76
2 34 84
2 18 50
2 13 16
1 92 w
2 31 67
1 59 d
1 53 h
2 4 51
2 2 55
1 93 r
1 6 r
2 5 79
1 33 i
2 27 98
2 95 98
2 31 89
1 43 f
1 65 q
2 60 77
2 39 60
1 33 d
2 19 68
1 11 a
2 57 97
2 43 74
1 42 n
2 56 62
2 58 59
2 77 97
1 74 t
2 34 36
2 46 87
1 70 j
1 47 p
1 69 k
1 21 b
2 11 65
1 74 i
2 9 99
2 35 45
1 69 n
1 96 q
1 41 c
2 16 80
2 14 91
2 6 30
2 43 46
2 17 52
2 72 95
2 24 40
1 3 n
2 69 94
1 24 h
2 51 52
1 64 k
2 13 90
2 59 68
2 20 89
1 71 k
1 45 w
2 36 76
1 47 z
2 34 88
2 8 21
2 40 97
1 61 h
1 3 i
2 3 82
2 37 91
2 11 72
1 64 f
1 21 k
1 83 p
2 33 80
2 28 47
2 88 95
1 86 e
2 23 88
2 34 89
1 92 t
2 17 21
1 71 w
1 17 x
2 74 80
1 82 k
1 94 f
1 62 o
2 9 17
2 34 59
2 16 83
1 77 k
1 80 k
1 38 p
1 32 h
1 67 h
2 43 45
1 66 j
2 71 94
1 71 k
1 36 r
1 28 z
1 48 n
2 3 52
1 48 o
2 61 65
1 88 i
2 78 90
2 37 90
2 74 98
2 4 62
1 77 f
1 60 a
1 22 x
1 21 g
2 11 63
1 1 x
1 78 l
1 77 l
1 39 k
2 19 33
1 19 w
1 48 u
1 51 f
2 20 26
2 47 61
1 78 a
2 62 68
1 53 a
2 32 38
1 33 o
1 5 x
2 19 67
1 63 x
2 23 94
1 33 w
2 41 62
1 28 e
1 76 s
1 62 e
2 41 47
2 70 88
2 42 72
2 2 33
1 73 k
1 52 b
2 37 42
2 9 15
2 59 97
1 74 d
2 36 83
2 8 40
2 20 35
1 16 w
1 9 j
2 20 58
1 67 k
2 20 51
1 92 c
2 72 81
1 72 p
2 5 72
2 19 87
1 80 n
1 92 a
1 5 z
2 35 55
2 10 84
1 83 z
1 86 q
2 17 22
2 79 91
2 8 83
1 72 z
2 38 54
1 33 v
2 35 44
1 98 l
2 42 79
1 25 q
1 38 s
2 4 77
2 35 78
1 89 n
2 26 94
1 19 f
1 41 c
1 66 i
1 38 l
2 37 53
1 63 z
1 23 y
1 11 l
1 27 s
1 13 r
2 49 73
1 8 q
1 51 b
1 69 o
2 35 67
1 27 b
2 32 67
2 64 78
2 32 44
2 52 97
2 67 86
2 58 76
2 31 36
2 12 56
2 39 98
2 16 60
2 4 91
2 55 56
2 51 95
2 77 82
2 6 46
2 26 38
1 93 k
2 26 32
2 11 91
2 19 96
1 62 y
2 9 45
2 22 34
2 28 38
2 41 53
2 29 42
1 41 g
1 79 b
1 92 r
1 84 v
1 83 y
2 32 43
2 39 65
2 34 42
1 21 h
2 1 33
1 28 i
2 18 76
2 3 56
2 22 39
2 28 97
1 56 k
2 34 67
2 27 88
2 12 45
1 12 i
1 43 r
2 14 70
1 43 c
2 74 99
1 8 z
2 58 78
2 13 23
1 42 l
1 21 d
2 4 28
2 10 21
1 13 n
2 86 91
1 38 w
2 29 81
1 22 p
2 51 79
2 13 25
2 85 97
2 25 62
2 8 92
1 17 y
2 36 50
1 68 g
1 20 k
2 19 73
1 66 c
1 13 o
1 75 r
1 28 r
1 14 i
2 48 92
1 98 v
1 39 f
1 16 t
2 19 29
1 13 g
2 7 77
1 87 f
2 74 82
2 67 93
1 24 s
1 33 x
2 26 52
1 8 b
1 74 i
1 42 x
2 9 12
2 3 12
2 5 99
1 23 h
2 17 45
1 28 r
1 78 y
1 50 c
1 9 y
2 33 83
2 3 45
2 32 72
2 10 56
2 5 97
2 14 57
1 44 x
1 65 p
1 38 f
1 26 q
1 6 d
2 3 59
2 8 95
1 83 r
2 24 85
1 68 l
1 66 o
2 39 62
1 93 v
2 15 59
1 34 b
1 47 w
1 91 o
2 7 53
1 86 p
1 87 n
1 75 d
2 61 91
2 38 85
1 83 g
2 47 71
2 20 82
2 44 76
1 49 n
2 53 74
1 23 u
2 25 67
2 26 91
2 11 20
2 19 53
1 23 j
1 14 y
1 22 z
2 33 68
1 39 o
1 79 a
2 7 94
1 29 m
2 30 83
1 32 q
1 53 b
1 55 s
1 31 j
1 89 a
1 66 r
1 12 p
1 9 k
1 10 v
2 52 87
2 19 73
2 10 43
1 5 v
1 39 v
1 38 d
1 52 g
2 44 81
1 49 g
1 25 c
1 62 a
1 39 n
1 52 c
2 25 67
1 81 r
1 20 s
2 4 22
1 12 i
1 16 z
2 18 99
2 85 86
2 56 56
1 37 f
2 3 63
1 24 j
2 25 94
1 86 m
1 56 r
2 4 87
2 15 54
2 52 76
2 37 95
1 46 j
2 82 85
2 53 87
1 92 h
1 9 i
1 53 a
1 69 m
1 36 a
1 49 q
2 46 70
1 69 v
1 7 k
2 13 93
1 30 s
2 35 49
1 85 a
2 52 66
2 57 84
2 1 76
1 18 m
2 1 72
1 61 b
1 15 j
1 73 e
1 56 e
1 25 n
1 16 r
2 2 64
1 18 j
2 58 99
1 63 s
1 11 z
1 14 n
1 63 e
2 13 71
1 2 f
2 49 73
2 38 68
1 44 l
2 12 93
1 52 y
2 49 86
2 42 75
1 98 l
2 46 93
2 8 23
1 48 y
2 10 66
1 64 l
2 37 88
2 23 65
1 48 u
2 33 54
1 89 b
2 16 21
2 9 83
1 56 g
2 19 59
2 13 22
2 16 48
2 68 90
1 94 s
1 50 w
2 65 67
2 6 49
1 45 n
2 13 95
1 73 p
1 41 a
1 79 t
2 12 47
2 55 78
2 62 89
2 33 75
1 23 r
1 6 l
2 78 91
1 11 x
2 57 88
1 71 b
2 5 99
2 43 86
2 52 53
2 28 69
1 59 v
2 23 37
2 43 74
1 93 m
1 29 d
2 73 76
1 11 d
1 26 j
2 82 94
1 57 b
2 38 41
2 45 70
2 44 94
1 9 f
2 83 99
1 74 d
2 12 76
2 1 91
2 33 65
2 14 85
2 25 55
1 1 b
1 71 r
1 41 k
1 61 y
2 35 85
1 81 m
1 54 y
2 33 46
1 67 r
2 25 92
2 5 57
2 19 56
2 15 59
2 13 86
1 91 p
1 44 u
2 55 64
2 83 98
2 52 59
1 94 h
1 86 d
1 80 v
2 72 92
2 31 63
2 50 82
2 10 62
2 60 79
1 19 s
1 62 g
1 57 s
2 40 73
2 17 85
1 27 u
2 24 55
1 5 d
2 74 92
1 22 w
1 2 l
2 33 84
1 78 w
2 34 94
2 83 86
2 1 75
1 20 e
2 7 65
1 65 p
2 33 77
2 16 41
1 40 a
1 81 a
2 36 42
1 89 t
2 15 63
1 6 a
2 35 88
1 86 o
2 4 4
2 80 81
2 93 97
2 83 94
2 18 60
2 42 72
2 19 62
2 21 80
2 1 40
1 49 h
1 17 h
2 21 43
2 49 79
1 13 b
2 43 47
2 34 56
1 37 t
2 44 94
1 62 h
2 59 83
1 68 i
1 72 r
1 57 g
2 14 31
1 66 i
1 32 a
1 65 s
1 14 m
2 37 46
2 44 98
2 31 44
1 67 u
1 37 a
1 74 z
2 11 27
1 20 s
1 68 b
2 57 75
2 19 96
2 56 91
1 94 r
1 79 v
1 69 u
2 27 41
1 33 j
2 22 49
1 38 q
2 54 94
1 84 s
2 8 71
1 49 g
2 67 90
1 12 c
1 76 q
1 60 n
2 26 33
2 17 78
1 6 w
1 20 y
2 75 83
1 48 z
2 9 51
2 21 36
2 16 23
2 27 34
1 65 q
2 23 65
2 53 78
2 11 81
1 94 n
2 15 48
1 1 e
1 51 j
2 6 82
2 20 72
2 13 41
1 86 d
1 98 k
2 35 83
2 15 48
2 57 79
2 26 32
2 4 29
2 6 63
2 13 53
1 67 b
2 69 88
1 26 j
2 20 49
1 6 y
1 59 j
2 42 93
2 6 15
2 9 26
2 24 36
1 72 o
1 31 t
2 2 61
2 45 89
2 26 39
2 23 70
1 26 e
2 21 85
2 16 57
2 41 45
2 15 98
2 62 78
2 13 24
2 16 55
1 45 g
2 3 17
1 73 n
2 4 78
1 85 v
1 89 o
2 9 99
1 84 j
1 42 k
2 45 62
1 34 w
2 3 90
1 26 q
2 2 18
2 16 22
2 18 51
2 11 91
2 6 30
1 34 y
2 33 44
1 96 y
2 28 77
1 53 n
1 23 r
1 34 c
2 40 96
1 13 r
2 2 88
1 70 g
2 5 49
1 71 u
1 49 s
1 63 j
1 58 j
2 40 79
2 15 35
1 1 p
1 39 i
1 12 b
2 39 92
1 22 v
1 57 y
2 28 33
1 68 u
2 63 82
2 77 95
2 41 96
1 13 o
2 80 97
2 15 31
2 63 86
1 81 k
1 14 f
2 20 31
2 30 86
1 54 p
1 51 w
1 7 l
2 1 8
2 58 81
2 48 73
1 73 s
1 43 y
2 83 94
1 61 d
2 2 93
1 32 z
1 12 i
1 10 t
2 40 82
1 26 o
1 20 j
1 81 z
2 59 96
2 24 47
1 20 f
1 55 a
2 3 56
2 1 94
1 90 z
2 64 75
1 59 n
2 20 73
2 1 49
2 9 74
2 6 31
1 50 k
1 94 o
1 80 c
2 47 63
2 51 87
2 30 31
2 53 70
1 58 w
1 31 t
1 75 y
1 8 n
1 71 f
1 44 t
1 4 n
2 42 83
2 38 61
2 3 22
2 41 90
1 41 g
2 13 33
2 14 23
1 74 g
2 53 86
2 19 92
1 27 s
1 63 d
2 17 60
2 8 43
2 31 65
1 40 g
2 19 86
1 54 e
2 32 77
2 1 41
1 97 h
1 51 o
2 7 11
1 7 t
1 94 a
2 46 59
2 74 94
2 9 15
2 20 52
2 54 58
2 45 65
2 40 42
2 42 43
2 19 60
1 60 v
1 98 a
2 12 28
1 40 c
1 85 i
2 67 87
1 40 x
2 11 66
2 39 84
2 80 93
2 57 77
1 39 c
2 61 83
1 41 v
2 4 87
1 12 k
1 94 i
2 37 67
1 8 d
1 55 z
1 16 q
2 60 84
2 45 72
1 61 u
2 17 83
1 74 t
1 49 s
1 47 a
1 76 u
1 14 z
1 31 p
1 27 r
1 36 l
2 24 94
2 24 85
2 9 80
2 11 36
2 44 50
1 61 b
2 25 54
2 21 24
2 36 42
1 82 v
2 11 36
1 89 r
2 26 88
1 35 k
1 40 s
2 40 93
2 62 78
1 51 y
2 70 97
2 11 31
1 13 v
1 14 b
1 42 n
1 80 r
2 77 80
2 57 92
2 3 94
2 21 26
1 59 e
2 8 21
1 52 m
2 6 99
2 40 80
1 81 u
2 79 86
1 18 r
1 86 k
1 36 q
2 1 12
1 48 z
1 17 b
1 42 y
2 33 74
2 57 62
1 67 p
1 83 f
1 57 p
1 3 v
2 22 58
2 36 65
2 24 58
2 63 86
2 28 84
2 8 53
2 57 75
2 5 63
2 11 73
2 56 87
1 43 v
1 90 l
2 41 60
1 36 o
2 31 65
2 3 66
2 20 88
2 42 71
1 26 i
2 4 52
1 13 q
1 54 b
2 61 62
1 21 f
2 8 32
1 14 m
2 38 48
2 21 42
1 19 m
1 24 y
1 22 r
1 45 w
2 2 99
1 23 b
2 21 35
2 22 99
1 40 s
1 63 u
2 70 79
2 20 97
1 55 c
1 30 t
1 22 d
2 29 77
1 83 m
1 95 e
1 92 m
2 42 50
2 45 63
2 64 74
1 89 p
2 9 26
1 18 a
1 15 d
1 3 y
2 49 91
2 78 94
2 6 70
2 18 69
2 22 89
2 12 65
1 52 x
1 42 c
2 22 58
1 9 i
2 29 85
1 46 m
2 47 96
2 10 10
2 44 84
2 13 23
1 93 s
2 32 85
1 74 u
2 53 89
1 52 m
2 56 59
1 3 f
1 46 k
1 32 e
2 93 93
1 62 v
1 46 v
1 88 g
2 65 91
2 28 83
1 92 p
1 34 u
1 64 g
2 61 85
2 12 93
1 71 f
2 14 76
1 15 l
1 83 r
1 18 m
2 17 65
1 36 v
1 90 x
1 81 s
1 2 u
1 54 b
2 3 63
1 21 m
2 41 75
1 29 y
2 38 77
2 30 70
1 91 w
2 3 94
2 31 55
1 83 r
1 16 s
2 20 71
1 97 g
2 9 99
2 42 57
1 13 n
2 42 81
1 77 f
1 11 f
1 62 s
1 20 u
2 7 13
2 13 26
2 66 91
1 82 x
2 35 74
2 26 40
1 17 m
2 34 35
1 16 h
2 12 25
1 91 z
2 39 74
1 6 r
1 72 r
2 17 61
2 26 57
2 3 8
1 49 w
1 96 s
2 50 55
2 29 84
1 71 a
1 50 o
1 92 d
2 4 47
2 50 89
2 46 98
1 43 y
2 9 86
1 62 p
1 7 b
1 63 u
1 33 r
2 3 71
1 55 w
2 42 61
1 18 i
1 48 n
2 58 81
1 59 a
2 51 94
2 18 72
2 5 57
2 17 66
1 29 t
1 56 k
2 6 8
1 54 w
1 73 a
1 98 i
1 12 r
2 30 65
1 16 p
1 97 j
2 49 74
1 81 n
1 79 y
2 8 54
1 92 z
1 24 f
2 48 86
2 49 65
1 40 k
1 26 s
2 11 48
2 26 46
1 10 z
2 24 38
2 25 72
1 19 l
1 62 n
1 87 r
1 37 j
2 18 22
1 91 d
2 2 22
1 31 l
2 28 75
1 69 l
1 75 u
1 14 w
1 82 k
1 3 t
1 2 f
1 10 u
2 22 99
1 4 o
1 44 o
1 72 n
2 4 60
1 3 i
2 10 49
2 25 49
2 5 32
2 68 72
2 16 43
2 39 56
2 1 79
1 61 x
2 41 62
1 31 y
2 24 94
1 44 z
2 97 97
1 30 e
2 25 85
2 54 75
2 48 61
1 78 z
1 61 x
2 27 32
1 37 a
1 49 q
1 55 p
1 6 d
1 72 n
2 27 55
2 61 75
2 58 96
1 54 t
2 25 93
2 10 41
1 14 x
2 46 93
1 85 t
1 8 v
2 15 31
2 11 38
2 86 89
2 18 65
2 43 61
2 50 57
2 2 27
1 52 q
2 59 85
2 4 83
2 11 91
2 27 31
1 80 y
1 76 p
1 84 r
1 85 j
2 66 66
1 50 i
2 26 40
1 30 r
1 44 y
2 69 93
2 25 39
1 36 i
1 94 y
2 24 26
1 83 d
2 32 79
1 67 e
2 37 59
1 49 k
2 20 77
2 42 69
1 73 z
2 60 70
2 1 88
1 12 f
2 71 82
2 34 54
1 53 c
2 82 88
2 65 83
2 59 71
1 22 u
2 20 36
1 32 a
1 99 e
2 73 97
1 15 q
1 82 y
2 72 85
1 46 i
2 19 80
1 62 q
2 45 48
2 55 82
1 45 h
2 38 89
1 7 m
2 38 46
1 93 g
1 27 c
1 95 n
2 41 68
1 19 q
2 22 70
2 35 58
1 17 b
2 7 35
2 6 68
1 49 r
2 47 70
2 52 79
1 86 u
2 33 72
2 29 54
1 45 a
1 2 r
2 4 15
1 46 u
1 7 p
1 59 b
2 2 53
1 67 j
2 83 86
1 46 o
1 82 f
2 5 48
2 22 25
2 55 72
1 27 e
1 71 a
2 26 90
1 49 p
1 18 v
1 6 o
1 91 y
2 27 59
1 14 m
1 20 l
2 47 74
2 1 10
2 57 95
1 5 e
1 75 l
1 71 x
1 84 u
1 4 y
2 44 58
2 17 61
1 1 i
1 80 y
1 77 b
1 18 v
1 69 v
2 21 70
2 25 69
2 79 87
1 9 a
1 8 o
2 53 62
1 83 d
1 13 w
1 67 u
2 53 63
1 55 y
1 4 f
2 70 77
2 5 35
1 66 q
2 60 92
1 11 z
1 44 s
2 4 67
2 6 79
2 45 53
1 99 x
1 67 v
1 53 l
2 15 96
2 33 62
2 13 77
2 15 24
2 13 93
2 50 84
1 63 o
2 7 74
2 11 61
1 56 w
2 3 50
2 50 97
1 87 j
2 36 74
1 44 e
1 99 g
1 50 a
2 10 88
1 13 k
1 41 b
1 34 r
1 67 p
1 96 a
1 70 b
2 13 75
1 55 g
1 21 x
1 6 b
1 49 a
2 2 81
1 41 v
2 25 75
2 65 76
1 62 m
1 84 b
1 80 w
2 20 58
2 31 78
2 24 64
2 64 87
1 1 i
1 91 n
2 3 75
1 87 q
1 71 e
1 73 w
2 9 75
2 19 81
1 45 q
1 12 s
1 80 x
1 52 t
2 22 38
2 9 61
1 2 v
2 17 57
2 64 90
1 81 c
1 21 i
1 92 o
1 10 v
1 65 c
1 44 t
1 83 w
2 12 44
2 56 71
2 88 97
1 31 p
1 90 b
1 80 o
2 54 88
2 25 70
2 25 29
2 32 46
1 82 h
1 73 z
1 43 n
1 98 g
1 67 j
2 44 70
1 25 a
1 63 h
1 7 y
1 14 k
2 10 66
1 69 h
2 12 74
2 4 57
1 20 s
2 21 38
1 44 z
2 65 92
1 41 w
1 95 l
2 33 67
1 16 v
2 8 75
1 5 c
2 80 95
2 40 56
2 39 63
2 59 98
1 19 s
2 13 23
2 71 72
1 12 n
1 4 p
2 6 25
2 25 88
1 2 b
2 61 85
2 14 29
1 42 r
2 16 44
1 95 l
2 22 77
2 18 33
2 36 49
2 8 97
2 77 93
2 31 70
2 63 95
1 33 a
1 98 v
2 29 76
2 18 44
1 61 q
2 2 83
2 26 46
2 22 39
1 29 o
1 62 o
2 26 96
2 42 80
2 39 48
1 56 o
1 9 d
2 28 48
2 52 54
2 30 69
1 51 x
1 44 n
1 39 y
1 62 x
1 7 s
1 75 v
1 23 m
2 8 37
2 58 62
1 15 a
1 45 n
2 22 31
1 41 s
1 30 c
1 69 d
1 81 v
1 59 g
2 25 93
2 7 61
1 84 m
1 78 g
1 92 o
1 70 m
1 32 b
2 5 67
1 27 h
2 2 40
1 25 w
1 36 o
1 43 e
1 59 w
2 30 35
1 75 t
1 10 z
2 52 95
1 10 c
1 16 q
1 17 z
2 6 64
1 35 h
2 77 89
2 53 55
2 34 92
2 8 89
2 27 95
2 2 5
1 6 m
2 12 22
1 9 t
2 5 45
1 36 g
2 11 82
2 15 96
2 51 58
1 75 k
2 3 13
2 22 96
1 35 w
1 28 l
1 24 s
1 82 l
2 36 59
1 93 e
1 1 c
1 99 x
1 62 g
1 70 p
2 3 7
2 30 45
2 15 71
2 21 92
2 7 64
1 16 c
2 21 46
1 29 v
1 93 s
1 90 o
2 25 40
1 35 h
1 56 k
1 74 l
2 8 17
1 86 l
1 80 p
1 1 s
1 81 i
1 48 o
2 8 86
2 55 58
1 53 a
2 8 23
1 54 w
2 53 75
1 54 q
2 1 96
1 32 h
2 6 83
1 21 a
2 28 96
2 3 28
2 24 94
2 22 46
1 79 o
2 38 88
2 11 26
1 24 s
1 57 a
1 22 j
2 34 99
1 65 h
1 62 j
1 10 m
1 63 q
1 52 j
1 63 n
1 64 a
2 29 44
1 32 o
1 32 u
2 31 52
1 75 r
2 7 40
2 39 53
1 54 w
2 31 35
2 18 92
2 27 88
2 59 73
1 72 h
1 21 j
2 28 45
2 2 59
1 66 c
2 16 47
2 22 50
1 32 q
1 27 v
2 83 85
1 45 c
1 60 w
1 75 w
2 19 58
2 30 55
2 30 70
2 5 44
2 12 23
1 32 p
1 24 w
2 28 64
2 30 32
1 15 u
2 35 79
1 49 k
2 28 71
1 68 i
1 70 f
1 38 y
2 45 61
2 20 86
1 44 x
2 51 94
2 4 15
1 44 j
1 70 k
2 21 37
1 51 l
2 37 58
2 52 75
2 62 93
1 2 o
2 1 37
2 73 78
1 99 l
1 51 u
2 31 85
2 10 18
2 36 79
2 10 28
1 34 h
1 5 s
2 30 88
1 79 e
1 81 q
1 97 z
1 93 a
2 34 60
1 66 a
1 15 h
2 54 76
1 29 s
1 30 v
1 4 u
1 33 k
2 5 10
2 59 65
2 13 93
2 27 57
1 42 n
1 3 i
1 47 p
2 16 42
2 18 86
1 57 g
2 2 43
2 32 94
2 19 80
2 63 79
1 9 i
1 82 n
2 31 55
2 3 59
1 69 e
2 28 88
2 45 69
1 19 p
2 16 64
1 1 l
2 39 50
2 16 97
1 68 h
2 14 40
2 13 25
1 58 j
2 14 85
1 88 i
1 72 m
2 66 66
1 22 q
1 92 i
2 74 99
1 69 u
2 21 61
2 84 93
1 88 m
1 54 x
1 44 o
1 60 r
2 14 76
2 76 95
2 36 82
2 4 49
1 92 d
1 41 q
1 88 u
2 8 26
1 22 d
2 63 68
2 20 96
1 15 l
2 93 99
1 21 t
2 42 89
1 20 t
2 83 95
2 26 65
2 46 54
2 17 28
2 41 67
1 8 d
2 20 79
2 4 39
1 57 s
1 34 c
2 45 56
2 71 87
2 69 89
1 13 u
2 20 63
1 6 o
2 24 95
2 31 85
2 44 54
2 31 53
2 17 99
1 97 n
1 31 c
1 43 x
2 38 71
2 34 97
2 63 96
1 34 l
1 18 e
1 74 t
2 34 96
2 7 45
1 8 d
1 34 k
2 23 54
1 70 b
2 1 76
1 70 e
2 19 53
2 23 92
1 23 c
2 12 31
2 37 86
2 17 70
1 3 g
1 48 r
2 20 88
2 50 56
1 72 b
2 1 42
1 64 n
1 66 d
1 61 k
1 21 u
1 82 e
1 96 g
1 76 t
2 23 61
1 7 m
1 5 y
2 31 99
2 48 67
1 84 b
1 10 b
1 85 c
1 93 i
1 99 l
1 44 s
1 96 h
2 2 19
1 66 h
1 90 l
2 38 64
2 7 95
1 86 o
1 88 u
1 68 v
1 63 m
1 88 d
2 26 39
1 43 m
2 80 85
2 13 47
2 49 98
2 58 99
2 15 71
2 28 87
1 27 f
2 40 92
1 7 y
2 29 59
1 28 o
1 89 y
1 31 e
2 21 78
2 10 52
1 52 x
2 21 41
1 89 h
2 15 54
2 8 37
1 29 w
2 11 25
1 69 a
2 6 22
2 44 89
1 66 d
2 62 64
2 91 97
2 31 38
1 80 d
2 3 73
2 48 54
2 80 82
2 32 68
1 59 u
2 43 45
1 31 n
2 75 80
2 21 49
2 20 91
1 9 r
1 94 k
2 59 82
2 51 76
2 15 34
2 20 84
2 26 62
1 37 f
2 8 20
2 15 23
2 93 97
1 38 h
1 41 k
1 62 t
2 28 33
2 40 60
2 43 92
2 35 62
1 17 b
1 18 s
1 74 t
1 40 t
1 41 v
2 62 75
1 3 t
1 29 l
2 17 45
2 65 78
2 16 69
1 79 p
2 24 40
1 12 a
2 7 19
2 15 38
2 69 90
2 42 52
1 42 c
1 75 b
2 32 68
2 3 4
2 39 48
1 18 y
2 64 98
2 65 69
2 52 89
1 75 x
1 86 m
1 20 u
2 3 5
2 1 75
2 12 62
1 98 w
2 78 79
2 46 73
1 84 u
2 23 53
1 15 b
1 31 s
1 67 y
2 16 30
2 66 90
2 33 97
1 73 k
1 7 y
1 26 v
2 12 18
2 20 64
2 65 72
1 73 q
2 37 94
1 45 e
1 81 y
1 70 b
1 41 y
1 9 q
1 37 v
1 92 c
1 14 u
1 35 i
1 6 s
2 19 65
2 36 53
2 6 69
2 71 92
1 26 x
2 50 77
2 75 82
1 4 d
1 15 b
2 74 81
2 23 63
2 28 69
1 34 n
2 54 97
2 17 94
1 98 c
1 58 k
1 30 d
2 43 93
2 21 61
1 79 r
2 51 91
2 24 95
1 30 u
1 71 j
2 40 62
1 56 f
2 34 99
1 22 c
2 41 49
2 79 92
2 5 34
2 51 81
1 8 r
2 42 55
2 34 83
1 41 b
1 83 b
2 5 58
1 17 g
1 73 q
1 3 d
1 55 g
1 7 r
1 69 e
1 91 k
2 6 88
2 10 92
2 50 83
2 46 74
1 47 s
2 4 87
2 5 64
1 48 y
2 56 70
1 26 r
2 3 39
2 26 90
2 74 78
1 26 y
2 28 77
1 78 s
1 86 f
1 59 o
2 24 42
1 44 z
2 25 95
1 22 h
1 49 c
2 31 87
2 14 38
2 25 93
1 97 y
1 90 z
1 13 v
1 53 p
1 12 l
1 39 l
1 34 h
2 33 79
2 35 78
2 30 76
2 50 78
1 60 p
2 93 94
1 97 c
2 40 97
2 48 60
1 79 v
2 61 95
1 38 w
1 9 m
2 13 94
1 21 v
2 13 35
1 7 o
1 64 v
2 26 49
2 38 80
2 37 69
1 59 c
2 18 77
1 91 b
1 48 r
1 74 e
2 13 18
2 35 52
1 58 i
2 36 87
1 3 l
1 59 p
2 27 55
2 1 69
1 12 y
2 45 76
2 35 98
1 10 m
2 86 89
2 26 60
1 64 y
1 78 s
1 48 e
2 5 72
2 21 34
2 27 99
2 11 67
1 97 a
2 31 98
1 99 w
1 29 d
2 34 34
2 44 71
1 12 q
1 47 w
2 53 63
1 67 w
1 52 f
1 86 q
2 18 26
2 86 99
2 27 62
2 3 5
1 41 f
1 45 g
2 61 87
1 23 s
2 2 64
1 62 t
1 44 x
1 24 s
1 57 p
2 17 18
2 28 36
1 57 a
2 51 86
2 22 70
2 25 82
1 45 e
2 10 63
2 30 38
2 10 59
1 63 f
2 3 34
2 2 47
2 6 72
1 69 k
1 64 z
2 55 73
1 52 v
1 39 q
2 3 4
2 27 34
1 23 u
2 25 64
2 20 42
1 9 y
2 8 53
1 59 v
1 77 p
2 27 70
1 52 e
1 20 r
1 84 b
1 13 d
2 36 94
2 9 48
2 8 17
2 77 85
2 21 43
1 53 x
1 53 c
2 13 55
1 9 v
2 11 61
2 4 52
2 5 70
2 62 88
1 14 a
2 32 48
1 77 i
2 15 95
2 6 44
1 95 z
1 1 a
2 38 64
1 12 s
2 2 94
2 43 88
2 71 76
2 52 77
1 90 o
1 22 p
2 6 69
2 1 47
2 33 45
1 87 o
2 7 95
1 15 x
1 95 d
1 77 r
2 61 96
2 13 65
2 38 89
1 18 h
1 32 m
1 54 f
2 68 76
2 40 65
2 25 57
1 28 s
2 8 92
2 42 88
2 65 85
2 6 26
1 28 d
2 71 84
2 13 78
2 59 77
1 74 d
2 48 86
2 58 85
2 28 32
1 54 g
2 5 87
2 44 92
1 16 b
1 9 r
2 13 40
1 16 r
1 87 z
2 31 70
1 76 p
2 48 84
2 77 80
2 22 80
1 77 t
2 73 82
2 10 12
1 27 v
1 71 c
1 4 z
2 37 69
1 77 y
1 94 y
2 19 53
1 53 q
1 53 i
2 23 74
1 4 p
2 83 92
2 6 37
2 27 45
2 10 35
1 76 r
2 62 82
1 35 o
2 76 78
2 51 74
1 86 q
1 61 q
1 93 x
2 55 90
2 20 91
1 78 m
2 6 68
2 51 62
1 75 o
2 4 86
2 29 70
1 9 t
2 83 88
1 1 i
1 51 t
1 52 t
2 48 62
1 48 e
2 4 53
2 52 77
1 76 y
1 60 w
1 83 f
1 64 d
2 9 83
1 97 j
1 95 k
2 8 89
2 29 71
2 18 72
2 94 96
1 3 b
2 76 76
1 22 f
2 11 83
2 8 55
2 51 93
1 27 g
1 75 j
2 2 51
2 48 80
1 23 t
2 51 76
2 18 38
1 69 m
1 1 b
2 23 46
2 69 94
2 58 90
1 64 k
2 31 55
2 90 96
1 6 w
1 77 w
1 55 p
2 8 60
1 98 h
1 92 p
1 94 a
1 62 m
1 12 p
2 2 65
2 6 83
2 87 97
2 20 35
2 40 46
1 12 r
2 56 93
2 47 50
1 37 f
1 25 g
2 49 55
1 56 o
1 43 h
1 96 b
1 6 x
2 2 74
1 34 a
1 13 a
1 5 u
1 89 y
1 86 o
2 21 42
1 97 v
1 42 w
1 59 j
2 63 88
1 75 z
1 7 h
1 71 f
1 36 i
2 3 56
1 10 e
2 28 50
2 39 56
1 96 l
2 53 61
2 18 57
1 47 r
1 96 t
2 3 82
1 2 y
1 3 e
2 12 21
2 42 94
2 11 55
1 22 h
2 55 75
2 37 88
1 6 x
1 72 c
2 9 72
1 45 c
1 69 h
2 26 48
2 84 84
1 5 m
1 50 f
2 16 30
2 46 89
1 34 n
2 52 85
2 47 50
1 40 i
1 54 s
2 45 61
2 84 99
2 84 89
1 26 m
2 31 54
2 47 99
1 90 j
1 74 s
1 51 k
2 24 79
2 8 92
1 91 b
2 69 83
1 88 v
2 58 65
2 53 54
1 72 p
2 16 38
1 56 p
2 71 87
1 88 x
2 18 22
2 59 61
1 18 x
2 13 22
1 75 a
2 53 88
2 17 78
2 5 72
2 21 54
2 82 91
2 62 95
1 5 v
2 24 81
2 53 66
1 36 l
2 12 91
2 17 19
2 54 99
2 26 48
1 39 w
2 6 27
2 9 91
2 10 88
2 37 49
1 29 z
1 20 j
2 83 93
1 42 e
2 19 90
2 3 64
1 13 s
1 15 z
1 84 t
1 60 p
2 40 88
1 35 a
2 77 92
2 49 68
2 2 2
1 52 t
1 68 q
1 57 l
2 9 76
1 90 e
1 75 f
1 64 e
1 89 j
2 61 79
2 42 80
1 86 s
1 24 w
2 81 97
1 17 f
1 33 v
1 63 t
1 85 g
1 58 z
1 90 d
1 36 q
1 72 i
2 75 84
1 11 p
1 16 l
1 75 o
1 5 l
1 83 c
2 51 54
1 11 i
2 52 78
2 42 49
1 52 z
1 51 k
2 13 65
1 48 f
2 41 94
2 18 85
1 1 l
1 67 g
1 38 b
2 79 95
1 13 c
1 39 u
2 54 94
2 54 65
1 39 s
1 77 q
1 7 j
1 64 w
1 20 p
1 1 c
1 81 t
2 69 77
1 1 k
1 5 n
1 86 h
2 71 95
2 75 93
1 2 e
1 82 g
1 76 o
1 72 o
2 50 85
2 70 80
1 52 i
2 8 94
1 33 r
1 38 s
1 3 z
2 21 60
1 29 y
1 12 i
2 7 69
1 92 t
2 37 82
2 45 87
1 78 h
1 74 q
1 15 c
2 27 83
2 35 67
1 18 j
2 12 65
2 14 67
2 73 90
1 91 q
1 85 o
1 20 v
2 41 47
1 38 a
1 54 f
2 31 36
2 81 97
2 53 87
1 41 s
2 74 86
2 32 89
1 98 b
1 82 v
1 14 m
1 44 e
1 48 l
2 12 71
2 1 17
2 13 47
2 11 42
2 42 94
1 94 d
2 37 64
2 79 90
2 14 92
2 11 97
1 37 i
1 2 s
2 13 58
1 81 o
2 74 99
2 9 96
1 21 b
1 81 v
1 60 a
1 88 m
1 52 n
2 40 50
1 55 g
1 30 j
2 86 98
1 26 r
2 4 21
1 62 r
1 48 s
2 64 92
2 15 82
1 47 r
2 30 66
1 20 h
1 48 p
1 50 n
2 26 31
2 83 94
2 45 80
1 18 x
2 8 29
2 17 72
1 73 u
2 17 91
2 84 87
1 60 y
1 50 k
1 28 c
1 49 u
2 58 71
2 12 21
2 16 48
1 82 l
1 7 b
2 27 58
2 24 46
2 66 95
1 70 p
2 22 43
1 57 c
2 22 77
1 51 d
2 18 59
2 78 82
2 22 79
2 27 99
1 13 p
1 84 j
1 61 m
2 63 76
1 63 c
2 46 67
1 12 v
1 22 a
2 58 69
2 11 54
2 21 62
2 12 63
1 83 f
2 39 59
2 54 65
2 3 31
2 84 94
1 17 s
1 18 g
2 39 68
1 52 m
2 43 59
2 35 78
1 6 h
1 97 l
1 14 u
2 38 80
2 21 29
2 34 57
1 90 i
1 11 v
1 90 w
1 44 a
2 55 59
1 11 y
1 40 z
2 53 56
1 64 z
2 50 57
1 76 u
2 2 82
1 90 g
2 24 78
2 58 60
2 22 88
2 19 54
1 32 b
2 14 47
1 37 d
1 69 i
1 9 e
1 3 i
1 33 y
2 73 81
1 29 g
2 93 95
1 16 c
1 55 f
2 23 68
1 39 v
1 28 q
1 67 h
1 2 f
2 7 88
2 22 67
2 64 84
2 62 94
1 93 x
1 96 r
1 2 i
1 46 t
1 66 v
2 2 88
2 43 96
1 14 o
2 20 56
2 88 97
2 46 96
2 24 45
1 2 f
1 23 o
2 17 70
2 83 89
2 60 79
1 23 z
2 7 32
2 19 90
2 88 88
2 20 80
1 5 y
1 78 g
2 48 53
1 8 x
1 8 k
2 25 92
1 75 f
2 21 68
2 50 50
1 96 n
1 17 e
2 62 84
2 31 56
2 69 97
2 38 71
1 43 g
2 65 98
2 14 61
1 34 q
2 20 48
1 37 n
1 9 c
1 47 w
1 23 f
2 83 90
2 94 95
2 6 33
1 5 z
2 48 99
1 43 a
1 9 h
2 43 79
1 23 h
1 26 n
1 18 k
2 71 72
2 85 93
2 55 84
2 21 77
1 30 b
1 23 o
1 31 r
2 28 76
1 99 m
1 93 f
1 93 a
2 74 87
1 32 j
1 83 b
2 15 37
1 9 p
1 12 w
2 6 27
1 62 i
2 18 59
2 68 86
1 99 i
2 11 56
2 44 82
1 57 g
1 69 u
1 1 h
2 4 93
2 25 41
1 93 n
2 37 65
2 17 29
1 85 o
1 57 p
2 20 58
2 9 30
2 28 91
1 61 n
2 4 95
2 12 55
2 4 34
2 13 93
2 39 98
1 92 h
2 11 53
1 69 n
2 72 96
2 91 92
1 83 t
2 76 81
1 73 z
2 55 76
2 18 64
2 67 76
2 60 80
1 92 t
2 25 91
2 49 65
2 11 70
1 35 z
1 76 u
2 55 93
1 11 e
2 23 66
1 68 p
2 50 65
1 76 h
1 37 s
1 34 e
2 39 98
2 9 21
1 84 x
1 88 l
2 76 89
1 9 m
1 10 q
1 46 n
1 95 q
1 4 x
1 13 s
1 85 r
2 63 64
1 3 t
2 46 54
2 19 31
2 53 87
2 20 98
1 48 t
2 38 92
2 59 94
2 32 52
1 85 u
1 29 h
2 16 23
2 23 88
1 71 j
2 60 93
2 38 78
1 18 p
1 16 u
1 99 k
1 35 n
2 40 46
2 17 93
1 16 z
2 6 73
1 83 v
1 95 n
1 90 v
2 34 77
2 27 95
1 27 s
2 25 68
2 11 28
1 80 n
1 38 z
2 35 39
1 87 g
2 15 43
2 8 30
2 10 35
2 57 99
2 6 37
1 3 d
1 55 i
2 22 56
2 81 95
2 36 37
2 47 89
1 74 c
1 40 i
1 91 w
1 55 d
1 44 n
1 10 h
1 17 e
2 11 57
1 13 h
2 12 32
2 19 36
2 31 40
2 42 60
1 11 m
2 57 63
2 41 74
2 79 94
2 33 85
2 15 61
2 62 98
2 25 39
2 39 42
2 12 13
1 89 t
1 6 y
1 86 j
1 65 k
1 13 z
1 48 r
2 32 93
1 51 g
2 54 99
2 29 32
1 73 v
2 34 98
2 7 80
2 16 64
1 5 t
2 48 97
2 7 44
2 63 92
1 51 n
2 27 32
2 43 83
2 2 6
1 52 f
2 34 88
1 9 z
1 10 i
2 6 16
1 86 f
1 93 e
2 54 67
2 19 41
2 20 62
1 67 i
2 18 45
1 32 s
1 51 p
1 68 r
1 1 p
1 97 s
2 44 68
1 47 t
1 50 c
1 30 m
2 7 15
1 15 m
2 43 43
2 42 76
1 3 s
2 21 78
2 61 63
1 25 x
2 13 31
2 15 82
2 15 86
2 66 89
2 16 36
2 11 44
2 78 90
2 64 97
2 15 85
2 73 81
1 63 c
1 8 n
1 22 v
2 6 92
1 27 p
2 14 89
1 95 r
1 1 n
2 14 80
2 15 94
1 33 l
1 10 s
2 17 47
1 80 y
1 96 g
1 15 j
2 40 57
1 44 w
2 41 92
1 89 p
1 90 x
2 11 32
1 77 d
1 93 n
2 36 64
2 2 39
1 97 i
1 49 m
1 60 z
1 39 y
2 28 96
2 10 89
1 96 x
1 34 g
1 95 u
1 14 h
1 75 y
1 40 j
1 51 b
1 10 d
1 38 r
2 31 54
2 40 93
2 60 76
2 65 98
1 89 s
2 55 62
1 68 z
1 31 k
1 86 k
1 97 k
1 95 j
2 68 91
2 49 84
2 85 87
1 14 x
1 43 k
2 28 42
1 12 v
2 49 74
2 44 79
1 93 k
1 41 y
2 17 47
2 1 52
1 96 k
1 84 b
1 61 p
2 2 40
1 80 y
1 66 z
1 32 n
1 27 e
2 8 79
1 68 w
1 47 x
2 6 58
1 34 l
2 4 30
1 32 j
1 98 w
2 14 65
1 28 x
1 53 w
2 19 52
2 9 50
2 83 83
2 2 30
2 29 35
1 41 r
2 34 91
1 29 z
2 14 72
2 8 96
2 2 19
1 25 q
1 69 s
1 63 t
1 71 y
2 29 63
2 7 42
2 57 99
1 13 f
2 37 41
2 22 46
2 54 75
1 91 k
1 46 e
1 35 y
2 1 45
1 39 g
1 73 g
2 16 17
2 4 33
1 19 i
2 17 36
1 29 g
2 45 70
2 77 95
1 91 u
2 1 38
1 74 g
1 80 o
2 7 47
1 64 e
1 91 y
2 24 87
2 38 97
1 83 q
1 45 j
1 49 d
2 11 49
2 33 83
2 39 86
2 31 96
2 49 91
2 41 96
2 18 31
2 29 51
2 27 63
1 60 w
2 12 31
2 85 96
2 1 95
1 40 f
2 61 69
1 88 e
1 90 m
1 83 z
2 10 91
2 15 30
1 83 c
1 18 e
1 13 p
1 5 w
1 39 s
2 63 72
1 47 s
1 59 c
1 23 e
2 2 43
1 83 x
2 14 35
2 22 66
1 71 d
2 24 93
1 73 e
2 32 59
1 42 l
1 57 q
1 47 d
1 96 n
2 2 14
1 9 s
1 25 m
2 72 94
1 22 l
1 6 q
1 38 k
1 7 v
1 3 q
2 8 60
1 31 j
2 1 19
1 72 q
1 51 t
2 41 42
1 68 x
2 39 53
2 36 36
1 87 f
1 81 n
1 42 k
1 74 z
1 36 c
2 13 20
1 80 m
1 61 q
2 55 82
2 6 41
2 28 68
1 33 b
1 92 r
2 15 69
2 25 66
2 44 97
2 24 91
2 24 35
2 15 79
1 43 a
2 8 48
1 17 z
1 80 h
2 8 34
1 97 b
2 30 41
2 84 99
1 67 x
2 10 44
2 12 49
1 40 f
2 34 97
1 6 o
2 33 64
1 34 o
1 4 g
1 6 f
1 10 r
2 5 59
1 82 n
1 42 v
2 37 79
2 66 98
1 4 a
2 28 60
1 8 c
2 14 72
2 12 53
2 6 55
1 48 y
2 1 25
1 9 w
2 8 19
1 6 e
1 57 u
2 66 99
1 52 f
2 38 57
1 71 d
2 43 96
2 6 46
1 6 a
1 19 t
2 21 40
1 13 c
2 25 39
2 8 32
2 68 91
1 47 p
2 27 84
1 38 n
1 47 n
1 5 z
2 13 27
2 42 53
2 18 72
2 52 94
1 16 j
1 94 p
1 23 d
2 56 84
1 94 t
2 44 72
1 2 v
2 85 99
2 23 98
1 23 i
1 63 j
1 55 n
2 73 91
1 92 q
1 85 p
1 88 i
1 39 c
1 11 j
1 53 d
1 13 l
2 47 63
2 10 81
2 30 40
2 73 80
1 44 m
1 36 g
1 10 n
1 24 c
2 6 67
2 22 44
2 25 62
1 95 c
1 43 t
1 35 l
2 67 79
2 82 92
2 9 62
1 31 e
1 86 d
1 91 l
2 77 86
1 17 p
1 43 x
1 47 x
1 27 g
2 65 79
1 64 a
1 60 h
2 22 87
2 81 96
1 61 h
1 3 z
1 74 y
1 87 s
2 9 19
1 68 o
2 50 52
2 24 58
1 26 d
1 73 n
2 26 45
2 73 82
1 45 t
2 40 77
1 49 y
1 15 e
2 24 64
2 30 48
1 66 n
1 51 y
2 14 74
1 14 d
1 11 e
1 11 w
1 90 b
1 58 b
2 18 55
2 51 75
2 29 93
2 41 87
2 3 26
2 28 83
2 81 82
1 75 w
1 40 x
2 19 71
2 33 59
2 4 69
1 50 g
2 13 82
2 3 32
1 75 t
1 46 a
1 60 m
2 28 98
2 13 80
1 90 p
1 25 l
1 23 m
1 65 z
2 22 39
2 16 85
1 65 p
2 6 19
2 89 96
2 74 88
2 79 94
1 1 z
1 78 c
2 33 85
2 17 66
1 16 a
1 64 v
1 86 g
1 97 f
1 83 r
2 17 54
2 22 22
2 33 92
2 5 8
2 54 77
2 32 78
1 73 h
2 29 71
1 94 e
1 42 n
2 38 41
1 68 n
2 10 44
1 6 j
1 91 m
2 5 52
1 96 q
1 21 v
2 17 65
1 14 i
2 25 38
2 30 81
2 3 65
1 97 x
2 44 89
1 72 z
1 85 b
1 7 g
2 59 60
2 25 33
1 36 e
2 38 93
1 10 z
1 42 m
2 6 49
1 32 y
1 11 b
1 86 n
2 69 83
1 78 g
1 23 o
1 63 a
1 96 c
2 75 81
1 37 m
1 83 u
2 44 51
2 35 97
2 40 50
1 21 h
1 74 v
1 14 p
1 92 v
2 13 13
1 38 q
2 17 85
2 20 63
1 10 y
2 6 63
2 28 45
2 35 51
2 3 77
2 45 93
2 67 88
1 70 g
2 13 75
2 34 68
1 59 e
2 37 70
1 42 o
1 57 d
2 39 72
1 66 x
2 69 90
1 8 e
2 13 66
2 60 66
1 10 y
1 87 u
2 71 72
1 26 k
2 19 43
1 40 t
2 4 19
2 10 14
1 60 k
2 7 39
2 58 74
2 49 75
1 15 z
2 18 49
2 18 24
1 16 r
1 13 x
2 78 82
2 9 16
2 69 96
2 64 88
2 17 93
1 51 v
2 3 98
2 28 66
2 59 64
1 4 t
1 70 t
2 42 47
1 28 v
1 53 m
1 10 n
1 61 l
1 57 e
1 93 s
2 17 87
2 40 87
1 35 r
2 8 82
2 4 57
1 54 v
1 91 w
2 17 96
2 29 52
1 69 t
1 45 x
2 6 32
2 26 28
1 97 n
2 56 96
1 26 t
1 7 c
1 42 k
1 77 l
2 52 79
2 6 16
1 42 i
1 97 k
1 94 b
1 96 m
1 59 e
1 30 p
1 71 r
1 87 y
2 46 51
2 78 89
2 7 8
2 2 41
2 19 92
1 24 y
2 10 69
2 22 75
2 34 67
2 76 96
2 59 78
2 16 63
1 59 s
1 25 i
1 86 i
2 32 71
1 55 a
2 14 23
1 53 o
2 8 67
1 13 v
1 41 s
2 29 45
2 70 84
1 72 c
2 31 88
1 73 g
1 61 b
2 4 67
1 23 s
2 19 70
1 59 c
2 57 85
1 89 d
1 64 y
1 68 w
1 38 m
1 85 y
2 7 40
1 86 k
2 10 45
1 69 l
2 20 93
1 37 d
2 4 29
1 46 j
1 11 r
1 47 q
2 74 94
1 74 a
2 57 90
1 49 h
2 57 64
1 8 p
2 45 75
2 22 90
2 10 99
1 96 v
1 43 f
1 92 n
2 84 91
1 66 p
1 79 y
1 98 f
1 22 t
2 33 78
1 86 j
2 30 68
1 40 m
2 93 94
2 31 69
2 26 34
2 31 35
2 44 95
1 40 t
2 47 91
1 90 u
2 72 95
1 56 l
1 51 v
2 33 36
2 8 37
1 35 a
1 45 g
1 14 j
1 27 u
2 32 60
1 17 d
1 19 x
1 80 p
1 9 w
2 22 93
1 87 x
1 35 r
1 66 q
1 96 y
2 66 98
1 64 o
2 49 79
2 68 83
2 15 21
1 7 g
2 46 77
1 22 a
1 48 d
1 20 z
2 52 76
2 9 58
1 92 p
2 14 31
1 49 e
1 3 l
1 96 i
1 14 f
2 36 67
1 93 t
1 71 u
2 31 67
2 5 94
1 79 j
2 63 69
1 83 m
2 45 75
2 10 99
1 43 o
1 18 s
2 9 81
1 57 g
2 19 94
2 13 62
2 44 62
1 29 z
1 16 b
2 5 76
2 62 64
1 88 n
2 92 99
1 53 k
2 5 96
2 30 32
2 33 89
2 25 26
1 81 i
1 80 y
2 39 65
2 17 80
1 8 e
2 88 89
2 22 63
1 59 k
2 69 81
1 23 g
1 58 j
1 73 c
1 28 w
2 33 53
2 58 76
2 10 25
1 26 b
1 1 r
1 3 y
1 45 l
2 27 38
1 70 i
1 75 f
1 94 q
2 47 62
2 15 62
1 47 c
2 8 83
1 44 z
1 92 a
2 72 90
2 47 53
2 12 59
1 9 r
1 82 y
1 17 s
2 38 56
2 62 98
1 29 k
1 75 x
2 37 44
2 38 67
1 90 s
2 53 79
2 18 77
2 36 67
1 93 p
1 88 i
1 32 b
1 46 r
2 50 65
2 26 90
1 1 x
1 26 x
2 8 25
1 8 c
1 75 x
2 68 85
2 38 57
1 89 p
1 83 t
2 86 90
1 83 n
2 30 39
1 53 x
1 71 v
2 5 36
2 51 77
1 54 o
1 2 i
1 84 m
1 8 x
2 49 51
2 29 43
1 48 w
2 16 75
1 65 k
2 65 71
1 23 f
2 22 62
2 19 26
1 27 w
2 13 96
2 91 98
1 11 g
1 46 f
2 30 38
1 17 q
2 17 75
2 70 88
2 53 82
1 84 u
2 60 61
1 38 t
2 34 35
2 11 63
2 2 32
1 59 o
1 17 v
1 3 i
2 5 46
1 24 l
2 40 45
2 25 53
1 54 y
1 66 x
1 40 w
1 43 n
1 77 o
1 5 c
1 37 p
1 66 x
2 34 57
2 28 72
2 5 29
1 17 x
2 47 77
2 79 99
2 18 29
1 9 b
1 28 c
1 91 w
1 55 m
2 16 94
1 2 z
2 12 27
2 71 73
2 35 80
1 95 c
1 44 c
2 2 11
2 67 97
2 38 81
1 74 w
2 1 1
2 29 30
1 31 i
2 52 73
1 35 y
2 27 99
2 48 67
2 77 82
1 73 d
1 47 z
2 12 88
1 19 f
1 48 i
1 66 j
1 43 e
1 95 i
1 2 k
1 14 d
2 14 26
1 94 u
2 2 35
2 53 93
1 80 v
2 39 89
1 40 b
2 48 93
1 52 l
2 85 98
1 76 a
2 33 86
1 93 j
2 9 69
1 60 t
2 1 4
2 8 16
2 48 49
2 1 9
2 2 59
1 3 w
2 42 73
1 79 y
2 18 71
2 15 41
2 58 88
2 14 28
1 75 o
1 25 b
1 26 g
1 52 u
2 47 58
2 43 98
1 48 p
1 30 a
1 68 v
2 9 77
2 45 95
1 55 h
1 13 l
1 51 v
2 7 66
1 83 e
2 37 64
2 9 85
2 46 92
2 43 79
1 64 e
1 12 d
1 57 x
1 76 t
1 38 q
1 5 w
1 70 o
2 11 28
1 60 r
2 7 86
2 12 92
1 71 s
2 8 29
2 77 90
1 78 z
2 16 48
1 77 v
1 78 j
2 23 59
2 17 82
2 34 39
1 49 j
2 43 78
1 39 z
1 85 x
1 63 y
2 66 69
1 97 x
2 4 99
2 86 87
1 93 g
2 53 95
1 2 j
1 19 u
1 32 t
2 63 86
1 76 d
2 63 63
1 41 u
2 74 86
1 91 p
2 77 91
1 11 x
1 90 a
2 56 74
1 65 h
2 84 94
1 10 j
2 11 93
2 3 98
2 15 46
1 98 v
2 3 23
1 93 y
2 76 93
2 15 52
2 12 30
1 73 o
1 11 i
1 14 a
2 20 50
1 11 k
2 14 60
1 28 g
2 49 85
2 61 71
1 40 m
1 42 j
1 46 y
2 44 65
2 22 90
2 21 98
2 29 78
2 10 74
1 85 s
2 50 98
2 65 74
2 64 88
1 72 a
1 33 l
1 17 e
2 87 99
1 99 e
2 9 92
2 21 82
2 16 43
1 80 l
2 37 87
1 18 w
2 85 87
1 86 h
1 55 x
1 74 f
1 97 t
2 22 42
2 16 53
2 2 42
1 41 h
2 39 47
2 27 30
2 8 58
2 25 72
1 88 a
1 73 r
2 24 57
2 48 52
1 21 g
1 78 p
1 46 t
1 59 r
2 17 98
2 5 48
1 8 p
1 87 j
1 87 o
1 73 n
2 19 84
2 30 72
2 31 55
2 52 87
1 20 z
1 30 p
2 21 35
2 14 85
2 7 25
1 11 m
1 14 l
2 69 90
2 21 72
2 5 53
2 33 72
1 24 a
2 38 51
1 76 o
1 29 z
1 51 i
2 44 76
1 22 e
2 7 84
2 14 51
1 92 p
1 19 i
1 17 x
2 29 45
1 42 d
1 16 k
1 80 f
1 76 h
2 17 39
1 45 j
1 90 j
2 15 64
2 38 74
2 17 48
2 85 97
1 89 m
1 43 c
1 29 v
2 21 44
1 3 u
1 66 l
1 21 j
1 80 b
2 33 65
2 28 83
1 67 y
2 49 58
2 20 96
2 38 64
1 20 b
2 87 98
1 71 z
2 16 36
1 55 x
1 98 c
2 33 49
1 62 k
1 88 x
2 6 96
2 69 79
1 88 g
2 23 49
2 94 99
2 6 20
1 86 f
1 12 m
2 28 64
2 14 50
2 71 96
1 65 o
1 88 d
1 53 a
1 83 n
2 78 88
2 60 84
2 3 76
2 9 99
2 56 65
1 7 h
1 50 g
1 59 f
1 35 d
1 11 e
1 62 p
2 26 82
1 23 w
2 11 32
1 62 g
1 53 k
2 41 97
2 18 66
1 21 x
1 53 j
2 33 53
2 1 18
1 28 j
2 1 88
1 95 n
1 21 g
1 14 s
2 57 87
1 39 n
2 53 87
2 19 44
1 70 t
1 24 t
1 67 h
1 60 k
2 7 76
1 5 c
1 92 k
1 21 l
2 22 31
1 29 o
2 27 77
1 32 y
2 23 98
1 38 f
1 49 i
1 55 e
2 22 40
2 30 53
2 37 37
1 94 b
1 5 m
1 20 p
2 57 57
2 14 39
1 99 h
1 2 l
1 65 h
1 1 u
2 14 58
1 13 w
2 40 96
1 25 x
2 57 73
2 69 79
2 47 98
1 64 p
1 38 f
1 87 i
2 24 47
2 51 66
2 22 26
1 51 k
2 29 80
2 9 85
1 55 h
1 1 n
1 30 p
2 9 19
1 6 m
1 92 y
2 1 50
2 32 53
2 21 29
2 17 71
2 42 89
2 20 96
1 17 s
1 35 s
1 57 b
2 22 29
2 68 89
1 93 f
2 1 34
1 8 j
2 18 83
2 54 77
1 15 k
1 91 s
2 30 65
2 16 39
2 17 38
2 7 85
2 46 69
1 36 w
1 64 o
2 18 69
1 15 h
1 50 r
2 69 70
1 63 m
2 86 87
2 25 60
2 14 20
2 73 92
2 75 96
1 75 j
2 67 97
1 18 c
1 90 z
1 61 g
2 1 77
1 82 h
2 19 31
2 2 61
2 13 59
2 48 90
1 67 y
1 62 s
2 33 62
2 3 11
1 1 z
2 73 74
1 72 r
1 75 i
1 59 a
1 90 d
1 58 r
1 19 b
1 13 k
1 12 z
2 6 77
1 50 z
1 87 h
1 88 v
1 47 l
2 25 26
1 24 u
2 71 77
1 66 u
1 14 n
2 54 95
2 11 17
2 21 71
1 31 r
1 8 f
2 32 50
2 6 88
1 92 e
1 43 z
1 62 e
1 21 v
2 9 23
2 48 80
2 31 55
2 19 69
2 43 73
2 26 68
1 15 d
1 32 l
1 95 e
1 60 p
2 41 91
2 11 27
2 66 99
1 61 q
1 33 i
2 20 38
2 32 79
1 78 u
1 37 e
2 64 75
2 46 81
2 3 31
1 11 l
1 21 l
2 43 74
1 53 o
2 38 60
2 4 28
1 26 c
1 11 f
1 63 x
1 8 l
1 83 g
2 20 35
1 31 o
2 65 93
2 14 55
1 70 y
2 26 86
2 50 85
1 97 r
1 41 f
2 61 76
2 15 56
2 32 73
1 36 k
1 66 g
2 56 68
2 9 66
1 26 e
2 55 89
1 83 e
1 54 q
1 90 r
2 27 35
1 86 q
2 25 54
1 43 z
1 4 d
2 7 34
2 9 16
2 3 23
2 63 86
1 49 e
2 38 53
2 63 76
1 9 e
1 29 q
2 46 86
2 24 83
2 11 69
2 12 57
2 18 31
1 72 s
1 16 t
2 39 39
2 34 93
1 20 n
2 38 65
1 80 j
2 5 5
2 20 51
1 56 g
2 25 68
1 65 j
1 7 l
1 93 q
1 60 s
2 7 45
2 4 53
1 70 w
2 36 83
2 26 90
2 14 16
2 32 78
1 19 e
2 11 58
2 40 60
2 18 96
2 52 89
2 79 90
2 14 61
2 6 20
1 85 f
2 79 91
1 2 m
2 94 98
2 16 94
1 4 h
1 67 d
1 75 h
1 36 j
2 49 60
1 28 j
1 86 e
2 47 49
2 30 41
1 78 a
2 40 55
2 17 28
1 22 c
2 61 78
2 51 80
1 28 p
1 3 x
2 31 45
2 25 40
1 6 a
1 26 i
2 31 31
1 31 q
2 14 79
2 81 85
1 69 i
1 40 n
2 10 88
2 33 39
1 22 a
2 21 63
2 35 54
1 51 u
2 20 33
1 7 n
2 26 32
2 3 30
2 17 89
2 37 58
2 61 98
2 95 97
2 38 57
1 84 j
1 41 n
1 19 s
1 97 x
1 21 z
1 97 i
2 15 56
1 53 o
2 30 36
2 8 88
1 89 o
2 25 85
1 89 y
1 49 j
1 10 x
2 38 80
1 91 r
2 69 81
2 58 86
2 84 99
1 65 o
2 40 67
2 37 37
1 53 r
1 98 u
1 23 a
1 35 o
1 43 x
1 93 g
2 25 57
2 56 99
2 8 35
2 61 72
2 12 67
2 26 32
2 60 99
2 50 57
2 32 34
2 14 22
1 68 h
2 10 62
2 2 19
1 10 i
2 20 96
2 32 81
1 4 y
1 70 h
2 7 64
2 57 65
1 70 l
2 54 71
2 34 39
1 77 t
1 93 w
1 18 c
2 39 99
1 55 w
1 93 c
1 19 f
1 74 u
2 38 61
2 27 89
1 4 o
1 93 c
1 35 u
1 91 i
1 20 x
2 41 72
2 40 80
1 92 m
1 63 s
2 40 77
1 57 c
2 31 79
2 5 69
2 31 90
2 4 56
2 18 39
1 10 h
1 34 a
2 16 35
1 46 u
2 32 39
1 11 a
1 60 e
1 5 l
1 10 g
1 82 y
1 95 p
2 8 59
1 72 f
2 29 30
1 74 r
1 12 p
1 24 u
2 7 62
1 12 w
1 2 z
1 65 c
1 93 s
2 64 91
1 7 r
2 19 51
2 39 84
2 22 25
1 70 c
2 69 71
1 15 i
2 36 93
1 65 a
2 11 62
1 78 o
2 8 61
1 86 i
2 71 84
2 35 84
2 42 90
1 26 e
2 17 59
1 85 d
2 13 44
1 7 b
2 33 37
1 25 g
1 31 z
2 81 88
1 90 q
2 27 59
1 68 x
2 72 85
2 70 93
1 42 y
1 33 g
2 25 45
2 60 97
2 2 72
2 26 73
1 81 a
1 21 b
1 37 l
1 20 k
1 90 a
2 1 34
1 48 x
1 53 e
2 14 48
2 50 92
2 9 42
2 85 91
2 41 92
2 53 95
1 30 n
2 15 66
2 22 59
2 5 70
1 87 c
1 87 c
1 61 p
1 44 w
1 8 c
1 81 l
1 11 u
2 66 79
1 31 w
2 24 63
2 34 67
1 27 o
1 87 f
1 61 c
2 31 98
2 31 60
2 35 54
1 54 c
2 14 91
1 32 r
2 19 88
1 34 b
2 6 7
1 93 c
1 15 o
2 76 92
2 34 46
2 31 76
1 3 i
2 12 58
1 27 x
1 61 w
2 1 15
2 92 95
2 11 20
1 26 o
2 18 48
1 78 y
2 38 61
2 35 82
2 51 84
2 23 85
2 72 80
1 45 i
1 35 p
1 70 z
1 15 t
2 8 76
1 73 b
2 36 39
1 31 a
2 3 31
2 7 98
1 33 t
2 75 92
1 99 s
2 4 62
2 80 94
1 85 x
1 19 h
1 85 e
1 68 j
1 92 l
1 65 t
2 54 68
2 17 76
2 76 77
2 42 99
1 64 h
2 10 77
1 75 g
2 41 60
2 71 84
2 46 98
1 86 q
2 62 97
1 19 v
2 14 70
1 39 u
1 52 h
1 74 j
1 72 e
1 84 o
2 49 56
1 41 x
2 10 94
2 14 32
2 19 55
2 66 78
2 35 53
2 4 79
1 68 o
2 8 80
1 3 a
1 58 i
1 88 n
1 2 o
1 73 q
2 63 96
1 65 s
2 3 89
1 55 p
2 53 91
1 7 j
1 65 e
2 47 87
1 62 b
1 51 z
2 9 81
1 90 b
2 11 49
2 52 93
2 9 68
1 64 b
1 58 b
1 11 s
2 23 78
2 31 44
2 80 87
1 44 w
1 25 a
1 18 y
2 4 46
2 43 65
1 79 g
2 61 97
2 13 61
2 27 91
2 22 40
1 43 t
2 6 58
1 86 d
1 72 z
2 27 91
1 71 p
2 32 92
2 27 91
2 24 47
1 67 m
1 66 p
2 66 77
1 73 s
2 9 92
1 65 e
2 83 86
2 35 73
2 42 64
1 98 s
1 37 w
1 26 g
1 92 i
1 85 k
1 43 s
2 80 84
1 74 u
1 52 w
2 5 85
1 26 r
2 28 45
1 40 s
2 33 80
1 23 r
2 28 51
2 28 37
2 3 47
2 21 71
2 17 58
1 85 x
2 37 82
1 24 p
1 35 s
2 5 65
1 52 a
2 9 24
2 15 96
2 47 49
2 28 73
2 91 98
1 91 l
2 8 14
2 47 65
1 87 v
2 67 79
2 47 61
2 9 70
1 90 g
1 71 d
1 29 y
1 70 t
1 95 o
1 74 w
2 50 95
2 43 97
2 38 81
1 62 w
2 8 43
1 65 e
1 56 c
2 3 13
2 5 60
1 51 f
1 43 p
1 7 f
1 23 t
1 86 f
1 39 z
1 68 m
2 14 86
1 94 b
2 10 83
2 88 93
1 71 d
1 31 e
1 79 n
1 69 h
1 45 v
1 44 c
2 46 72
2 46 95
2 57 61
1 47 k
2 50 70
1 47 s
1 67 c
2 44 88
2 17 57
2 36 85
1 3 n
1 1 l
1 89 h
1 71 p
1 66 h
1 10 z
1 44 b
2 46 63
1 83 z
1 6 p
2 2 92
1 58 q
2 49 74
1 61 k
2 52 55
2 11 86
1 80 y
2 14 24
2 49 84
2 7 40
2 65 88
1 23 y
2 76 81
1 27 k
2 62 69
1 90 h
2 58 97
1 1 g
1 68 l
2 68 82
2 21 72
1 57 g
2 30 71
2 87 95
1 99 f
2 51 71
2 66 73
1 2 e
2 11 51
1 96 l
2 24 77
2 21 73
1 23 y
2 8 38
2 10 11
2 16 83
1 5 h
1 56 l
1 2 j
1 39 z
1 57 o
2 35 78
1 41 b
2 38 78
2 65 68
1 93 n
2 10 34
1 4 u
2 17 53
2 84 86
2 55 73
1 38 r
1 95 q
2 8 34
2 25 82
2 64 99
2 1 36
2 6 21
1 96 u
2 46 62
2 25 73
1 91 f
2 24 98
1 7 f
1 5 g
1 76 n
2 15 97
1 34 s
2 20 55
2 3 87
1 53 o
1 96 t
2 63 64
2 48 58
2 42 98
1 53 k
1 44 l
1 11 j
1 18 j
1 9 r
2 33 95
2 3 11
1 71 e
1 16 a
1 48 u
2 27 95
1 45 a
2 35 93
2 23 43
1 55 u
2 1 71
2 69 84
1 47 s
1 23 r
1 94 z
2 10 58
1 71 d
2 12 16
1 30 b
1 62 u
1 29 t
1 41 s
1 53 x
1 8 x
1 25 l
2 7 8
1 59 o
2 17 85
2 91 99
1 30 h
1 50 m
2 61 78
1 2 a
2 51 97
2 14 63
1 98 e
2 9 28
2 47 75
1 97 u
1 97 t
1 60 v
1 23 v
2 25 33
1 48 s
1 5 i
2 20 61
2 14 21
1 11 u
2 67 68
2 11 39
2 77 92
2 29 55
2 90 96
2 40 77
2 59 64
1 90 z
1 84 h
2 21 90
2 45 64
1 23 w
2 37 79
1 17 s
2 37 99
1 95 t
2 17 64
2 12 56
1 75 q
1 37 i
2 32 42
2 64 72
1 64 v
1 11 u
2 43 56
2 13 92
2 38 47
2 78 97
1 80 z
1 66 t
2 8 70
1 18 x
2 36 98
2 46 96
1 62 w
1 76 s
1 64 y
1 48 r
2 7 22
1 57 e
2 61 85
1 12 v
2 10 87
2 29 57
2 29 86
2 52 85
1 75 m
2 13 44
2 21 49
2 22 53
2 81 86
2 87 93
2 21 76
2 37 84
2 20 48
1 81 r
2 27 84
1 73 r
2 62 73
1 14 i
