98
syrlzmywjhpmkfnhpmyflzfboizkxzydtaoegodyvverkqfdegyiadmfrovcufxkvbyfwwowcktxhtufzxbjbvtwkopkgotoog
10379
1 24 x
1 40 y
2 23 94
1 87 s
2 65 70
2 10 40
1 5 x
2 32 94
1 52 c
1 59 q
1 46 b
1 9 e
1 37 c
1 11 m
1 93 d
2 12 51
1 43 q
1 4 i
1 16 q
1 11 z
1 45 d
2 11 83
2 2 38
2 31 94
1 16 o
2 39 66
2 48 71
1 2 v
1 42 f
1 77 x
2 10 45
2 23 55
1 60 o
2 20 71
1 91 a
2 57 67
2 50 89
2 85 89
2 63 82
1 19 w
1 13 y
2 7 10
2 29 92
2 41 71
1 43 f
2 12 93
1 24 e
1 70 y
2 10 78
1 60 q
1 89 g
2 22 70
1 3 y
1 63 k
1 27 k
2 72 97
1 61 q
1 73 w
2 28 96
2 16 47
1 74 g
1 98 a
1 98 y
2 17 48
2 61 94
1 40 x
1 11 k
1 61 k
2 18 40
1 82 b
1 94 g
1 73 k
2 31 72
2 14 46
1 21 a
2 9 76
1 97 r
2 19 30
1 48 k
2 22 29
2 8 83
2 49 55
1 71 w
2 26 38
1 13 o
2 63 68
2 4 25
2 66 81
2 33 87
1 27 h
2 22 54
2 73 83
1 84 i
1 74 g
1 87 j
1 13 c
1 26 h
2 51 53
2 69 95
2 90 92
2 51 75
2 37 37
1 9 o
2 45 67
2 27 60
2 15 17
1 23 b
2 2 52
1 20 q
1 22 y
1 23 o
1 48 k
2 46 80
2 67 70
1 34 k
1 35 o
1 43 q
2 3 16
1 6 n
2 69 77
1 44 r
2 69 87
2 65 71
1 63 c
1 2 s
2 4 82
2 3 92
2 59 61
1 29 a
2 48 48
1 4 a
1 6 y
2 34 41
2 48 78
1 41 u
2 46 82
1 6 g
1 27 q
2 45 78
1 84 l
1 20 r
2 68 78
1 70 d
2 80 80
2 28 74
2 30 52
1 82 v
2 62 64
1 32 t
2 9 61
1 74 l
2 31 98
1 48 u
2 81 91
2 32 94
2 84 84
2 10 78
2 72 94
2 42 67
1 65 x
2 3 35
1 20 y
1 26 u
2 9 49
2 49 75
1 62 n
1 62 h
2 74 75
2 21 80
2 11 67
2 61 68
1 22 k
1 92 q
2 22 42
2 16 66
1 65 e
2 26 78
2 63 97
1 50 m
1 36 j
2 50 87
2 19 42
2 62 81
2 5 61
2 24 96
2 77 90
2 48 69
1 46 g
1 39 m
2 4 62
2 27 82
2 81 85
1 83 b
1 61 d
2 20 41
1 81 i
2 88 97
1 62 r
1 12 n
1 55 m
2 73 98
2 49 69
1 38 w
2 40 41
2 75 98
1 24 a
2 27 67
2 23 93
1 75 l
1 27 t
1 53 t
1 1 a
2 65 93
2 2 48
1 56 z
2 32 62
1 79 v
1 16 z
1 40 v
2 68 83
2 12 56
1 68 o
2 33 51
1 92 b
1 22 d
1 21 i
1 68 t
2 31 97
1 24 c
1 58 t
2 87 95
1 69 s
1 88 a
2 17 73
2 36 67
2 18 20
2 23 41
1 46 x
1 51 r
2 36 69
2 68 80
2 18 98
2 93 95
1 55 o
2 14 97
2 31 52
2 20 39
2 62 96
2 1 27
1 95 l
2 54 75
2 47 80
1 17 k
1 86 y
2 39 52
2 12 73
2 77 78
2 3 84
2 17 58
2 10 77
1 38 t
1 54 p
1 84 t
2 1 59
1 88 q
2 37 90
2 19 32
2 22 43
2 24 88
1 30 l
2 72 93
1 34 a
1 55 c
2 5 30
1 97 c
2 17 50
1 2 i
2 4 68
1 82 k
1 65 c
1 35 k
2 6 9
1 82 f
2 8 34
1 4 k
2 16 18
2 27 40
1 18 a
2 8 65
2 6 13
1 27 n
1 40 h
2 1 79
1 19 s
2 42 70
1 91 v
1 89 b
1 30 s
2 42 61
1 18 a
2 17 54
2 17 46
2 42 49
1 50 w
2 18 44
2 9 12
2 16 46
1 6 w
1 39 v
2 2 91
2 38 77
1 52 j
1 67 w
1 77 w
1 23 t
2 27 89
1 10 k
2 7 19
2 24 77
1 97 w
2 14 71
1 56 o
2 1 62
1 13 k
1 43 z
1 54 l
1 16 g
1 84 n
1 87 h
1 12 s
2 55 79
1 88 x
2 17 38
2 18 85
1 78 v
1 3 f
2 21 72
1 36 w
1 20 u
1 96 i
2 52 77
1 41 m
1 64 k
1 23 p
1 43 x
2 26 45
2 36 66
2 77 96
1 24 s
2 22 71
2 44 70
1 81 i
2 27 81
2 28 92
1 55 s
1 50 j
1 44 q
1 49 k
1 36 i
2 51 84
2 26 69
2 32 33
2 39 54
1 83 q
2 35 90
1 71 x
2 11 35
2 4 40
2 16 82
1 75 n
1 77 e
1 21 f
1 47 p
1 75 t
2 10 55
1 18 y
2 23 70
1 67 y
2 76 83
2 2 5
1 76 e
1 43 n
1 61 v
1 18 o
2 82 92
2 29 79
2 22 84
2 11 64
2 82 95
1 20 l
1 26 s
2 56 65
1 46 q
1 43 k
1 81 y
2 11 22
2 10 15
2 25 49
1 32 n
2 24 56
2 2 11
1 62 l
1 75 l
1 93 y
2 49 65
2 5 71
2 42 93
1 6 q
2 74 87
2 1 24
2 70 81
2 22 53
2 24 42
1 92 l
2 2 3
1 84 i
2 16 31
1 93 i
2 42 75
2 31 73
2 44 51
2 6 85
1 81 v
2 35 87
1 18 a
1 76 v
1 86 b
2 39 61
2 64 79
2 40 81
2 48 92
2 12 31
2 2 94
2 1 79
1 7 z
1 31 h
2 59 74
1 41 l
1 35 l
1 44 m
1 25 n
1 56 i
1 20 e
2 20 46
1 69 c
1 64 l
1 69 b
2 59 84
2 2 25
1 64 t
1 87 z
2 48 80
2 5 70
2 40 84
1 97 p
1 31 x
1 79 z
2 2 33
1 72 x
1 13 w
1 60 s
1 81 v
2 12 45
2 16 26
1 56 h
2 14 96
1 76 j
2 48 97
2 54 59
1 27 e
2 76 93
1 77 l
1 42 z
2 49 59
1 98 n
2 20 73
2 8 40
2 7 75
2 50 73
2 29 49
2 27 43
1 16 h
1 58 d
1 41 a
1 69 s
2 10 19
2 1 85
1 62 d
2 22 57
1 60 o
1 96 j
2 13 15
1 96 m
1 49 o
2 2 27
2 1 28
2 56 76
1 74 z
2 37 80
1 97 c
1 39 e
2 2 37
1 32 m
1 83 n
1 82 s
2 19 69
2 24 75
1 66 k
1 35 w
2 67 96
2 64 83
2 20 46
1 71 t
2 52 79
1 60 b
1 44 i
1 60 k
1 92 o
1 35 v
2 26 63
1 98 t
1 93 z
1 58 t
1 47 y
2 1 83
1 20 x
2 10 67
1 30 x
1 88 s
1 58 y
2 34 61
2 26 95
2 8 97
2 7 23
2 4 34
2 31 46
2 17 46
2 3 30
1 73 p
2 31 88
1 26 k
1 20 t
1 35 n
1 29 r
1 96 e
2 10 39
2 37 73
2 30 32
1 41 e
1 95 x
2 15 90
1 39 w
2 8 69
2 2 21
1 64 t
2 39 85
1 91 j
2 47 81
2 65 82
2 6 46
2 8 75
1 8 o
2 36 71
1 67 p
2 32 58
2 16 87
1 62 w
2 16 54
2 26 50
2 54 96
1 53 j
1 37 r
1 8 j
1 31 q
2 34 89
1 30 s
1 45 u
1 53 l
2 5 87
2 4 58
1 53 m
2 52 96
1 31 e
1 98 y
1 77 d
2 47 61
1 86 x
1 55 z
1 81 l
2 70 84
2 20 92
2 25 96
2 21 57
2 58 63
1 63 y
1 1 n
2 28 34
1 68 x
2 32 73
2 64 86
1 2 r
2 77 90
2 22 35
1 31 o
1 20 o
1 79 l
2 25 37
2 16 28
1 61 x
2 19 57
2 43 64
2 53 92
1 12 f
1 95 z
1 93 y
2 11 28
1 35 m
1 98 p
1 6 x
2 13 24
2 74 95
1 13 g
2 4 95
1 22 e
2 50 68
1 52 z
1 82 t
1 34 o
2 9 55
1 38 g
1 69 s
2 33 67
2 29 47
1 87 p
2 25 89
2 67 79
1 44 w
2 33 90
1 18 g
1 11 h
1 52 a
2 12 33
2 24 64
1 71 w
2 44 73
1 24 i
1 89 e
2 32 66
2 48 90
2 46 76
2 34 90
1 40 t
1 30 o
2 42 50
2 39 91
1 16 m
2 55 92
2 36 66
2 20 21
1 27 c
2 29 88
1 92 f
1 62 r
2 19 47
2 4 68
1 38 f
2 51 86
2 34 76
2 14 60
2 14 98
1 50 c
1 68 e
1 32 i
1 91 p
2 30 64
1 54 i
1 4 s
2 9 92
1 78 p
2 44 71
1 70 p
2 51 76
2 43 55
1 74 s
1 74 a
2 39 90
1 13 s
2 22 49
2 18 89
1 18 q
1 26 r
1 83 q
1 88 r
1 74 b
2 51 63
2 25 59
1 92 o
1 84 w
1 25 a
2 61 94
2 36 65
2 22 73
1 73 l
2 5 73
1 45 f
1 43 e
2 71 77
1 94 d
2 66 87
2 66 70
1 40 z
1 69 w
1 47 h
1 48 x
2 59 65
2 2 83
2 57 90
1 54 a
1 62 d
1 46 n
1 70 d
1 60 f
1 29 e
2 10 50
1 71 h
1 22 s
1 47 b
2 29 70
2 37 79
2 55 98
1 89 p
1 45 c
2 22 28
1 11 z
1 32 x
2 13 35
1 38 p
1 45 k
2 33 62
1 54 c
1 86 j
1 34 w
2 24 39
1 14 m
2 54 96
2 25 56
1 50 o
1 8 y
2 13 24
1 12 c
2 57 85
1 91 y
2 80 96
2 4 55
2 56 89
2 14 80
1 16 b
2 3 6
2 74 88
2 23 30
1 7 n
2 21 68
1 66 x
1 42 n
1 57 w
1 32 h
1 42 y
1 15 z
2 19 44
2 24 67
2 21 52
1 95 v
1 5 e
2 32 45
1 53 r
1 43 g
2 14 40
1 33 v
1 61 w
1 4 k
1 10 j
1 51 g
1 58 s
2 4 82
1 82 k
1 84 m
2 17 38
2 14 58
2 70 75
1 8 w
1 8 k
1 97 c
2 8 18
1 67 f
1 46 v
2 62 82
1 26 i
2 40 65
1 87 t
2 18 26
2 80 90
2 40 91
1 13 a
1 25 z
1 16 q
2 36 53
2 72 81
1 29 n
2 47 73
2 1 50
2 25 60
2 5 52
2 53 88
2 37 74
1 37 p
2 35 44
2 17 20
2 41 89
2 20 50
1 79 j
2 88 89
1 6 u
2 22 57
1 91 p
1 51 r
2 2 64
1 84 f
1 91 x
2 6 14
2 16 59
1 20 s
2 28 35
2 54 86
2 88 89
1 67 u
1 40 x
2 1 18
2 54 64
1 36 u
1 60 f
1 19 u
2 81 98
1 22 c
2 1 70
2 66 70
2 22 31
2 9 78
2 32 81
2 13 25
1 86 m
1 35 h
1 85 p
1 83 q
2 11 35
1 37 y
1 51 n
2 11 23
2 16 48
2 36 63
1 15 t
1 70 o
2 14 67
1 73 l
2 1 40
1 6 y
2 20 60
2 43 46
1 21 c
1 5 d
2 8 55
1 88 i
2 38 52
1 63 s
2 27 89
2 32 89
2 41 45
1 17 w
1 70 f
2 13 14
1 27 o
2 30 48
2 10 12
1 5 n
2 68 90
1 84 s
2 75 85
2 17 34
1 80 w
1 54 y
1 44 y
1 55 p
2 20 55
1 1 g
1 50 a
2 31 86
2 46 96
1 27 p
2 21 46
1 30 a
2 26 95
1 17 t
2 37 74
1 38 m
1 50 j
2 20 48
1 79 l
1 86 m
2 69 95
2 2 84
2 45 76
2 19 41
1 11 z
1 41 x
1 24 l
2 45 85
1 36 j
1 76 n
1 53 s
2 16 52
1 52 u
1 21 q
1 36 s
2 18 78
1 36 f
2 2 80
1 27 p
2 25 26
2 39 67
2 35 68
1 82 o
1 76 q
2 32 68
1 29 u
1 25 m
1 91 l
2 26 93
1 8 h
1 55 s
2 53 96
2 87 91
2 6 27
2 60 97
1 31 q
1 18 g
2 47 92
2 2 59
1 89 q
1 2 b
2 54 78
2 36 93
1 39 x
1 75 y
2 26 51
1 16 n
1 97 z
2 2 56
2 12 36
1 33 s
2 17 60
1 47 j
2 31 57
2 12 54
2 68 71
1 59 z
1 88 z
1 18 q
1 35 h
1 23 p
1 51 w
2 90 97
1 31 j
2 20 35
2 3 56
1 86 n
1 24 l
1 64 q
2 40 42
2 18 76
2 29 36
2 13 37
1 40 m
2 20 82
2 7 9
1 58 h
2 45 57
2 15 92
1 40 d
1 29 j
2 44 76
1 33 l
1 15 g
1 74 x
2 37 48
1 88 t
1 22 j
2 20 28
2 2 38
1 21 c
2 25 87
1 26 p
2 48 98
2 91 92
2 42 95
2 51 75
1 54 w
1 42 b
1 8 o
1 68 c
2 21 26
1 63 r
2 46 74
2 11 96
2 24 41
1 29 f
1 72 k
1 36 n
2 58 76
2 14 80
1 76 i
1 54 e
1 26 r
1 57 f
1 63 h
1 24 b
1 16 h
2 84 93
1 88 k
2 42 69
2 26 61
2 81 84
1 26 b
1 93 x
2 1 43
2 4 83
2 35 87
2 52 63
2 83 90
1 55 h
1 56 u
1 31 m
2 89 90
2 20 65
2 2 40
2 78 87
1 23 u
1 95 r
2 18 44
2 51 59
1 5 y
1 22 u
1 24 d
1 98 i
1 4 m
1 1 b
2 42 47
2 11 34
1 39 w
2 35 58
2 35 58
1 39 e
1 68 g
2 50 68
2 46 47
1 2 q
1 89 s
1 46 r
1 33 w
1 97 f
1 36 q
2 39 68
1 5 p
1 21 u
2 32 37
2 25 53
1 32 o
1 56 w
1 3 t
1 3 g
1 52 l
2 48 60
1 62 s
2 40 63
1 45 g
1 21 i
2 61 62
1 78 l
1 26 y
2 6 34
1 59 y
2 27 42
2 84 91
2 1 2
2 25 32
1 88 e
1 5 q
1 27 u
2 65 83
1 44 v
2 18 78
1 3 q
1 45 k
2 41 88
1 31 a
1 74 x
1 81 o
1 40 c
2 54 94
1 58 a
2 2 37
2 68 73
2 93 96
2 33 36
1 98 o
1 19 b
2 6 60
1 83 q
1 10 b
1 82 j
1 28 b
1 48 u
2 55 56
2 38 69
1 39 w
2 71 80
2 49 74
2 44 96
1 40 e
2 49 76
2 42 94
1 15 o
2 76 83
1 42 k
2 4 26
1 31 i
1 96 n
2 45 70
2 44 97
1 50 t
2 6 60
2 70 71
1 74 v
2 44 66
1 61 q
1 6 q
1 45 d
2 22 91
1 58 j
2 10 17
1 39 p
2 4 5
2 22 75
2 2 11
2 40 59
2 46 73
2 14 31
1 4 t
1 64 h
1 65 u
1 85 q
1 43 c
2 41 55
1 11 s
1 4 l
2 7 62
1 81 o
2 43 71
1 19 w
2 1 52
1 67 x
2 6 42
2 46 83
1 98 o
1 70 e
2 46 48
1 34 y
1 27 u
1 41 s
1 85 k
1 22 t
1 30 c
2 33 80
2 1 37
2 45 78
2 2 40
1 86 u
1 57 h
2 3 14
1 81 r
1 12 z
2 55 85
1 68 i
2 48 59
2 49 65
1 92 s
1 87 a
2 36 60
2 12 38
1 78 e
2 27 35
1 26 u
1 43 d
1 66 c
2 38 97
1 70 j
2 17 41
2 54 59
2 45 57
2 55 64
1 1 v
2 42 75
1 94 j
2 1 68
2 2 36
2 43 49
2 29 64
1 80 v
1 28 b
2 49 52
1 61 p
2 27 77
1 94 x
1 22 y
1 89 y
1 38 c
2 33 59
2 8 19
2 8 93
1 60 b
1 33 y
1 23 q
2 46 85
2 44 63
2 31 92
1 52 t
2 29 33
2 35 43
2 46 84
2 73 81
1 29 d
2 69 75
1 34 b
1 6 m
2 31 40
1 9 g
2 22 77
2 24 78
2 13 89
1 59 z
1 51 j
1 37 k
2 16 66
1 89 r
2 16 87
2 3 84
2 16 79
1 68 s
1 23 a
1 24 t
1 45 y
2 76 87
2 20 41
1 89 y
1 2 n
2 82 92
2 51 82
2 2 45
1 29 c
2 75 96
1 87 q
1 72 n
2 4 40
2 33 58
1 50 w
1 42 j
1 39 g
2 6 16
1 64 n
2 30 79
2 23 44
1 29 c
2 23 95
2 92 95
1 59 z
1 20 b
2 45 48
1 41 i
1 3 w
1 40 s
2 27 91
1 53 i
1 86 l
1 88 j
1 56 y
1 76 o
2 6 65
1 67 s
2 7 67
1 27 s
2 61 63
2 37 87
2 30 55
2 24 51
1 49 i
1 14 k
2 5 58
1 28 c
2 31 72
1 28 b
1 58 z
2 11 41
2 29 80
1 61 s
2 80 94
1 44 k
2 57 78
2 38 69
2 9 36
1 82 s
2 51 57
1 32 j
1 90 x
2 22 56
2 52 92
2 78 90
2 72 91
1 37 l
2 38 77
2 7 46
1 26 p
1 3 e
1 81 c
1 6 l
2 1 39
1 6 d
2 15 40
1 65 j
2 19 97
1 73 t
2 29 93
2 4 69
2 9 74
2 82 94
2 22 53
1 40 d
2 90 95
2 28 43
1 89 j
1 25 s
2 3 67
2 49 88
1 74 d
1 17 d
2 33 94
2 47 83
1 11 u
1 26 o
2 14 38
2 20 58
1 59 w
1 76 c
1 52 c
2 19 92
2 19 25
1 10 d
2 30 84
2 6 83
1 65 g
1 98 w
1 69 x
1 61 i
1 98 k
2 5 23
1 44 l
2 4 16
2 67 89
1 2 c
1 50 q
1 79 p
2 40 83
2 18 77
2 6 94
1 74 i
1 43 s
2 60 78
2 32 96
1 44 j
1 7 t
2 77 89
1 85 y
1 39 g
1 42 u
2 33 74
2 44 51
2 10 94
2 43 75
2 25 59
2 75 91
1 46 q
2 73 78
2 75 87
2 80 92
2 14 94
1 82 r
1 15 q
1 69 p
1 72 i
1 40 z
1 5 u
1 58 v
2 47 82
1 57 n
1 42 b
1 2 l
1 1 h
1 71 l
1 93 d
1 19 a
2 29 30
2 13 27
1 77 m
2 4 63
2 29 48
1 98 d
2 31 65
1 58 t
2 4 55
2 43 86
1 1 a
2 51 96
2 3 18
2 72 87
2 61 69
2 20 96
1 59 b
1 59 f
1 76 n
2 4 33
1 46 g
1 12 e
1 7 f
2 90 94
2 46 59
1 76 p
2 19 56
2 28 74
2 38 95
1 4 w
2 30 48
2 17 75
2 24 89
2 42 48
1 65 r
1 79 i
1 21 x
2 16 20
2 90 94
1 86 n
2 1 8
2 27 53
2 71 73
1 1 f
1 40 n
1 25 v
1 15 m
1 44 n
2 7 95
2 8 92
1 2 p
2 29 56
1 83 u
1 43 n
2 41 91
1 45 k
2 78 95
2 43 51
1 64 c
1 59 m
2 58 61
1 54 i
1 60 l
2 25 42
1 2 y
2 21 82
2 24 63
2 2 30
1 98 q
2 5 91
1 97 t
2 11 90
2 32 88
2 16 42
2 64 90
1 79 y
1 16 w
2 34 85
1 76 w
2 20 85
1 66 g
2 89 95
2 8 17
2 47 62
1 10 h
2 14 88
1 42 z
2 7 82
2 28 62
2 58 93
2 41 64
2 23 88
2 70 89
2 49 97
1 69 p
1 7 u
2 41 64
2 72 87
1 75 i
2 16 70
1 58 p
2 42 68
2 13 42
2 34 63
2 4 83
1 24 s
2 7 74
1 47 n
2 61 81
1 86 x
1 2 z
1 59 c
1 7 e
1 66 w
2 27 44
1 98 p
1 96 j
2 1 34
2 33 79
1 6 f
1 68 z
2 82 85
2 50 72
1 23 f
1 73 v
1 42 c
1 78 n
1 9 j
1 43 q
2 31 78
1 57 b
2 31 36
1 3 b
2 27 70
2 12 79
2 33 65
2 55 71
1 74 c
2 6 44
2 8 50
2 48 78
2 10 73
2 27 89
2 12 35
2 38 96
2 16 75
1 54 h
1 93 v
1 62 a
1 47 h
1 72 c
2 61 65
1 65 d
1 81 c
1 24 k
2 32 73
1 86 e
2 12 97
1 48 q
1 20 i
2 29 67
2 33 64
2 15 48
1 74 o
1 23 c
2 33 88
2 19 48
1 14 l
2 47 97
1 76 n
2 48 81
2 26 47
2 87 95
1 64 x
2 8 9
2 3 7
1 83 h
2 58 77
2 19 33
2 31 35
1 83 d
2 30 50
1 29 o
1 92 e
2 29 44
1 65 q
2 38 65
1 59 v
2 8 93
1 49 n
1 23 e
2 32 53
2 29 35
2 24 25
2 69 83
1 87 n
2 31 37
2 30 47
2 1 65
1 48 e
1 28 y
2 77 78
2 63 84
1 8 e
1 72 m
2 18 89
2 71 97
2 64 87
1 95 t
1 81 c
2 25 48
1 12 t
1 98 v
2 51 89
2 61 80
2 42 78
1 82 x
1 54 t
1 51 o
1 23 g
2 19 94
1 50 g
2 13 25
2 90 93
2 27 84
2 22 81
2 47 48
2 20 46
1 48 r
2 12 39
1 31 i
2 52 65
1 76 n
2 2 47
2 4 64
2 42 87
1 83 i
1 61 a
1 68 x
1 53 a
2 65 76
1 1 p
1 65 j
2 11 66
2 75 81
1 6 y
1 94 b
2 81 93
1 51 n
1 15 s
2 55 71
2 55 73
2 23 50
1 24 f
1 87 i
1 17 z
1 69 p
1 47 r
2 47 80
2 55 72
1 70 w
2 28 58
1 75 m
1 14 z
1 65 f
1 26 f
2 23 96
1 39 m
2 96 97
1 85 k
1 12 u
1 9 j
2 50 95
1 68 h
1 40 a
2 51 67
2 58 97
1 95 p
1 39 u
1 3 m
2 54 73
1 3 n
2 77 80
2 52 53
1 65 n
1 93 y
2 85 90
2 58 89
1 35 l
1 82 u
2 50 90
2 12 78
1 45 i
1 82 t
2 50 70
1 34 v
2 16 97
2 18 76
2 73 80
2 3 4
1 47 k
2 45 63
2 68 84
2 25 33
2 17 55
2 29 62
1 68 t
2 79 86
2 39 42
1 16 q
2 47 70
2 92 97
2 28 57
1 25 u
2 13 82
2 35 54
2 40 79
1 75 u
1 2 c
1 84 b
2 43 75
1 12 n
2 40 48
1 25 o
2 86 88
1 79 z
1 41 l
2 5 12
2 18 76
2 1 76
1 62 q
1 15 c
1 11 l
1 79 u
2 55 70
2 56 91
1 69 z
2 1 5
2 57 61
2 47 86
2 2 6
1 5 m
2 37 43
1 71 f
2 35 65
1 89 l
1 22 u
1 24 w
1 81 f
2 87 93
1 91 w
2 73 92
2 41 69
2 80 89
2 52 96
1 57 w
1 24 s
2 50 87
1 82 y
2 28 52
1 97 z
1 55 y
2 39 50
2 19 21
2 12 52
2 2 25
2 21 64
2 12 98
1 97 h
2 46 51
2 6 76
2 68 74
2 28 96
1 53 q
2 32 60
2 63 69
1 74 g
1 59 e
1 95 i
1 93 l
2 5 84
1 49 o
1 86 w
1 21 d
2 2 28
2 13 74
2 84 90
1 86 y
2 43 90
1 97 p
2 87 89
2 41 47
1 33 q
1 70 k
1 18 b
1 54 g
1 81 v
1 95 z
1 82 y
1 30 n
2 68 91
2 16 26
2 10 35
1 69 p
1 96 i
1 86 o
1 5 b
1 43 z
1 81 y
2 24 52
2 43 48
2 80 96
2 28 69
2 45 81
1 88 x
2 62 63
1 40 q
1 64 v
1 30 x
2 45 73
1 6 w
1 24 g
1 12 q
1 40 j
1 97 i
1 51 z
2 13 24
1 36 z
2 13 32
2 13 73
1 78 k
1 72 v
1 18 s
2 9 14
2 34 77
2 37 47
2 72 73
1 50 c
1 52 s
2 19 42
2 14 35
2 19 36
2 48 87
1 82 p
1 36 r
1 13 t
1 41 n
1 16 q
1 90 p
1 28 q
1 42 m
2 78 97
1 85 l
2 78 86
2 77 86
1 28 y
2 4 11
2 33 47
2 35 41
2 8 14
1 9 q
1 73 w
1 80 e
1 34 w
2 32 60
1 82 g
2 1 91
2 72 72
2 39 43
1 2 f
2 32 74
1 71 u
1 11 k
1 94 i
2 17 70
1 69 m
2 49 90
1 53 g
2 11 21
1 74 k
1 89 v
1 48 d
1 75 z
1 47 f
1 62 m
2 5 77
1 88 y
2 42 50
2 32 34
2 60 62
2 10 28
1 34 t
1 86 f
2 38 58
2 73 98
1 73 k
2 47 87
2 63 98
1 71 e
2 12 53
1 29 m
2 35 86
2 18 35
1 70 v
1 32 w
2 3 35
1 83 m
2 63 78
2 52 83
1 79 h
1 29 r
1 81 n
1 45 r
2 10 32
2 23 61
1 2 m
1 21 p
2 84 96
1 45 x
1 88 p
2 66 89
1 17 d
2 30 79
1 76 f
1 61 z
2 3 28
2 5 81
1 42 y
2 1 34
1 6 f
2 22 50
1 43 u
1 82 k
2 47 86
2 80 85
2 58 76
2 4 63
2 11 67
1 74 u
1 55 d
1 37 f
1 56 i
2 3 44
1 39 j
1 52 s
1 37 u
2 93 98
1 15 w
1 20 p
1 6 y
1 65 a
1 96 z
1 96 a
2 47 92
2 8 50
2 18 79
2 10 66
1 26 a
1 40 b
2 17 64
1 54 f
2 12 60
1 60 a
2 25 70
2 87 90
2 5 13
1 66 z
1 64 m
2 9 46
1 9 v
1 89 n
2 58 67
1 64 z
1 88 m
1 94 g
1 66 k
2 50 87
2 13 71
1 57 n
2 32 60
2 47 73
1 97 p
2 39 69
2 41 82
1 62 t
1 54 g
1 7 c
2 22 62
1 36 w
2 70 72
1 97 o
1 61 i
2 38 57
2 22 41
2 19 75
1 48 k
1 7 i
1 96 y
2 35 61
1 47 w
2 14 42
2 59 88
1 62 q
1 2 a
1 89 b
2 84 90
1 5 l
2 9 14
1 50 j
1 24 z
1 51 f
2 50 74
1 5 r
1 65 y
2 23 58
2 26 84
2 15 44
1 50 h
2 28 66
2 20 82
1 23 l
1 51 x
1 63 q
1 79 h
2 16 25
2 21 29
2 10 20
2 33 78
1 94 s
1 95 r
1 37 v
2 6 23
1 59 x
2 41 74
1 51 c
1 16 z
1 91 j
1 16 k
1 72 h
2 45 49
1 72 b
1 13 q
1 41 h
2 33 79
2 4 35
1 23 c
1 66 g
2 4 75
1 35 m
1 9 j
1 89 a
2 30 49
1 6 s
2 71 81
2 23 84
2 2 33
2 11 65
2 28 92
2 32 56
2 43 65
2 85 90
2 19 88
2 21 72
2 22 31
1 46 t
1 68 b
1 89 r
1 34 z
1 16 z
2 36 57
1 85 s
2 38 50
2 34 78
2 11 17
2 46 83
2 38 88
1 68 j
1 14 v
1 92 g
1 82 d
2 9 13
2 26 34
2 28 64
2 67 94
1 60 v
1 49 p
2 31 69
2 58 75
2 18 81
2 27 53
1 1 u
2 47 77
1 7 o
1 17 h
2 27 44
1 19 m
2 20 90
1 95 h
1 61 n
1 14 d
1 12 f
1 18 h
1 78 u
1 70 a
2 59 82
1 30 r
1 93 s
2 14 68
1 46 b
1 84 t
1 33 v
1 61 g
1 32 q
1 60 z
2 32 34
2 11 15
2 1 26
2 82 96
2 32 55
1 87 c
2 53 74
1 26 u
2 37 80
2 8 21
1 5 o
1 57 s
1 59 p
2 42 88
1 40 b
2 6 21
1 70 t
1 62 a
1 44 l
1 34 l
2 9 66
1 12 d
1 64 q
1 71 w
2 56 92
2 65 77
1 87 r
1 21 z
2 74 78
2 14 36
2 86 86
1 39 b
1 63 i
2 5 22
2 11 93
1 50 g
1 89 j
2 18 32
1 64 m
2 56 92
2 53 68
2 17 35
2 43 78
2 32 94
2 34 35
2 7 69
1 71 v
1 33 h
2 13 21
2 22 41
1 29 k
1 92 l
1 92 g
2 7 23
2 38 83
2 11 12
1 88 a
2 28 31
1 17 o
1 48 e
2 6 78
1 11 d
1 13 j
1 56 g
2 28 43
2 54 86
1 94 r
1 63 a
1 10 m
2 87 89
2 25 42
2 7 10
2 62 71
1 91 v
2 3 89
2 34 97
2 6 45
1 56 y
2 2 3
1 87 d
2 41 75
1 14 w
2 41 61
1 61 y
2 35 63
1 17 i
2 3 5
2 73 96
1 98 d
2 64 89
1 75 a
2 77 77
1 25 r
1 57 t
2 15 44
1 26 y
2 12 83
1 13 x
2 55 57
2 14 68
2 15 76
1 80 r
1 18 h
2 4 72
2 8 66
2 37 88
1 71 b
2 20 53
1 71 n
2 28 51
1 46 i
2 53 55
2 67 88
1 91 s
2 29 76
1 53 u
1 7 z
1 42 e
1 76 j
1 85 h
2 38 96
1 25 z
2 16 97
2 44 58
2 11 44
2 6 36
2 4 28
1 53 q
1 53 v
1 98 i
2 1 85
2 27 70
2 12 59
1 85 r
2 27 41
1 8 g
1 41 t
1 40 h
2 41 85
2 16 78
1 60 j
2 8 88
2 21 36
1 57 w
2 19 43
2 63 69
2 25 97
2 9 72
1 81 i
2 17 35
2 32 48
2 5 61
1 60 b
1 97 e
1 59 f
1 93 i
2 13 34
1 36 f
1 93 h
2 14 85
1 29 b
1 74 l
1 2 k
2 17 81
2 7 34
1 84 y
2 13 76
2 9 95
1 94 y
2 35 52
2 5 93
2 33 44
1 92 w
1 30 m
1 36 c
2 37 82
2 16 71
2 74 84
1 79 m
1 46 m
1 43 u
2 75 94
1 45 g
2 28 31
1 72 q
1 4 p
2 17 60
2 63 70
1 70 t
2 11 68
2 19 59
1 78 j
1 57 f
2 59 67
1 15 f
1 61 b
1 75 w
2 75 95
1 95 r
1 93 a
2 73 96
2 27 87
1 77 m
2 41 92
2 50 85
1 81 j
1 61 c
1 86 q
1 44 l
1 81 g
1 10 l
2 90 95
1 21 d
2 24 44
2 48 59
1 93 n
2 20 64
1 91 i
1 93 k
2 8 65
2 40 80
1 3 t
2 88 89
2 1 25
2 6 89
2 24 49
1 29 y
1 39 y
2 23 69
2 4 35
2 84 94
1 37 a
1 61 u
2 45 69
2 21 56
2 22 74
2 8 85
2 48 64
1 87 e
1 71 e
2 58 89
2 25 94
2 17 48
1 97 l
1 96 t
2 2 6
2 10 71
2 67 79
2 52 90
1 97 g
1 53 m
1 83 d
1 23 o
1 85 m
1 55 k
1 61 v
2 22 92
1 85 o
2 12 65
1 28 p
1 87 a
2 46 52
2 1 20
2 85 97
1 69 w
2 41 88
2 25 95
2 46 59
1 11 s
1 58 m
1 67 k
1 42 n
2 64 86
2 11 20
1 90 l
1 57 v
2 3 49
2 4 62
2 2 65
2 52 61
1 25 x
2 16 38
1 54 e
1 73 t
2 47 50
1 22 b
1 98 t
1 38 t
1 45 j
2 70 75
2 24 42
2 17 86
2 12 24
2 60 89
1 44 l
2 53 88
2 31 65
2 19 75
1 24 l
1 98 s
2 50 73
1 21 f
1 56 m
2 49 65
1 66 v
1 55 q
1 39 o
1 15 l
1 30 j
2 74 93
1 88 y
1 37 z
2 70 87
1 68 t
1 82 a
1 29 g
1 86 y
1 53 p
2 38 51
2 27 41
2 83 84
1 84 s
2 22 55
2 2 43
2 2 17
2 12 42
1 91 v
2 7 79
2 20 87
1 51 f
1 31 o
1 85 w
1 20 z
1 75 d
2 51 94
2 57 94
1 39 v
1 8 u
2 15 93
1 98 g
1 61 p
2 7 26
1 69 a
1 4 i
2 49 61
1 17 n
1 3 i
2 89 93
2 63 74
1 95 d
1 38 l
1 53 e
2 4 83
2 9 15
2 10 59
1 22 e
1 16 r
2 2 71
1 56 e
1 81 v
2 30 37
2 8 58
2 20 59
1 24 o
2 4 66
1 5 c
1 63 r
1 3 g
2 8 10
1 27 g
2 12 81
1 77 a
1 85 e
2 92 98
2 31 33
1 96 k
2 67 67
2 18 37
2 8 53
2 28 47
1 82 v
2 64 96
1 61 l
1 20 k
1 64 i
1 41 n
2 66 94
1 32 d
2 23 59
2 22 62
2 37 40
1 61 u
1 5 w
1 96 r
1 54 k
2 21 39
1 35 b
1 3 e
2 19 94
1 75 o
1 83 v
2 31 43
1 59 a
2 34 56
2 34 58
1 70 o
2 71 73
1 87 k
2 75 98
2 57 76
1 40 y
2 20 29
1 59 u
1 78 h
2 6 38
2 79 98
1 77 a
2 71 79
1 50 v
1 9 z
1 9 g
2 23 84
2 33 58
2 31 42
1 54 j
2 65 66
1 93 s
2 43 73
2 11 53
2 78 95
1 39 v
1 21 e
1 24 n
2 29 87
2 57 81
1 33 i
1 25 l
2 80 86
2 21 96
1 26 m
2 3 29
1 17 w
2 55 83
2 10 21
2 24 48
2 38 51
1 83 w
2 3 82
1 14 v
1 32 u
2 42 50
2 55 81
2 10 83
1 88 x
1 64 h
1 64 e
1 94 l
2 53 61
2 72 77
1 32 k
1 21 y
2 75 77
1 42 d
2 72 76
2 47 62
1 60 o
2 6 56
2 5 49
2 65 67
1 37 u
1 23 k
1 88 w
1 45 s
2 22 95
1 98 b
2 24 27
2 28 76
1 17 n
1 98 j
2 52 95
2 23 87
1 59 p
2 54 74
2 32 79
1 96 s
1 83 a
2 45 88
1 62 a
1 79 n
1 69 l
1 42 e
2 61 69
1 54 u
2 17 87
1 16 n
2 5 70
1 22 d
2 12 63
2 23 39
1 94 j
1 24 e
2 20 26
1 60 u
1 41 k
1 87 n
2 51 70
1 55 z
1 89 y
2 4 69
1 45 m
2 1 89
1 90 o
2 17 23
2 14 56
1 5 l
2 28 61
2 28 51
2 46 63
1 81 t
2 63 91
1 33 a
2 53 88
2 7 82
2 28 74
1 22 s
2 77 80
1 46 d
2 68 87
2 5 45
2 11 66
2 2 94
1 39 n
1 62 l
2 69 85
1 53 d
1 85 g
1 86 f
1 21 c
1 56 b
2 48 95
1 60 k
1 11 x
2 7 32
1 9 w
1 58 j
1 1 k
1 61 f
1 18 z
1 11 z
1 18 a
1 52 d
2 40 63
2 67 89
2 5 25
1 46 p
1 69 r
1 5 q
2 53 60
1 56 n
2 43 57
1 14 t
1 65 x
2 15 53
1 30 d
1 68 u
1 22 x
1 69 u
2 25 45
2 6 8
2 47 53
1 78 f
2 57 81
1 10 t
1 5 h
2 23 88
2 12 82
2 27 57
1 73 t
2 2 79
1 4 y
1 93 g
1 92 h
1 25 t
2 11 54
1 42 j
1 31 b
2 30 95
1 91 p
1 20 d
2 17 80
2 24 42
2 45 97
2 46 60
2 9 69
1 39 k
1 3 m
1 79 g
2 50 66
1 12 z
2 8 92
2 3 30
2 4 37
1 16 j
1 69 d
1 33 s
1 95 j
2 89 94
1 5 g
1 31 r
2 8 84
1 91 b
2 36 58
2 87 94
2 66 83
2 15 58
1 85 b
2 6 20
1 12 z
1 67 d
2 33 77
2 65 77
2 6 48
1 32 a
2 18 79
1 8 d
1 62 z
1 51 w
1 70 o
1 87 t
2 22 50
2 7 13
2 70 86
1 72 g
1 65 n
2 63 75
1 74 y
1 28 e
2 8 52
2 19 34
1 92 v
1 52 u
2 66 93
1 93 g
2 11 68
1 17 q
1 77 q
1 94 r
1 92 a
1 27 n
1 6 d
2 59 74
1 52 a
2 13 86
2 59 82
1 22 y
2 68 79
2 10 54
2 14 42
1 97 i
2 38 71
2 50 91
1 14 n
1 35 y
1 54 x
1 46 z
1 33 p
1 77 h
2 28 44
1 31 k
1 7 j
2 44 76
2 23 91
1 20 r
2 54 87
2 39 73
2 63 89
2 5 83
2 61 76
1 36 r
2 90 97
1 58 s
2 17 46
2 7 27
1 18 v
2 27 31
1 43 o
1 76 u
2 3 51
2 16 55
2 9 65
2 35 61
1 66 w
1 75 j
1 88 j
1 14 d
1 48 l
1 46 u
2 74 82
2 40 54
1 60 p
2 79 82
2 1 62
2 41 73
2 41 94
1 64 w
2 28 30
2 41 45
1 28 p
1 15 e
1 75 x
1 86 g
1 46 g
1 62 w
2 1 79
1 16 d
1 91 k
1 24 z
1 76 f
2 38 95
1 40 t
1 55 o
2 70 87
2 42 78
2 41 96
2 25 73
1 63 w
2 18 43
2 16 60
2 37 76
1 25 t
1 26 q
1 55 i
1 78 e
1 29 f
2 12 86
2 7 17
1 46 r
1 52 g
2 12 91
1 91 n
2 25 65
2 14 71
1 97 q
1 55 o
1 49 q
1 47 r
2 15 31
1 49 v
1 9 g
1 35 n
1 33 v
1 11 f
2 2 21
1 64 y
1 7 e
1 83 d
1 42 f
2 14 37
2 31 39
2 44 63
1 58 z
1 71 x
1 6 g
2 33 93
1 72 b
1 90 q
1 31 o
1 23 c
1 37 l
2 14 89
1 96 d
1 28 v
1 85 g
1 19 o
1 51 j
2 18 59
1 39 p
2 14 47
1 46 c
1 91 g
2 3 30
1 18 k
2 33 41
2 12 33
1 15 i
2 27 36
2 8 21
1 72 b
1 26 q
2 45 61
1 54 v
2 58 70
2 37 86
2 22 57
1 87 t
2 22 79
2 3 96
1 65 d
1 11 f
1 16 m
1 12 y
2 63 71
1 86 q
2 70 71
2 42 42
2 21 21
2 13 89
1 98 n
1 65 p
2 57 62
2 27 48
2 50 60
1 74 t
1 43 t
2 47 89
1 69 x
2 20 71
2 64 88
1 7 g
1 22 d
1 18 n
1 64 f
2 20 22
1 83 x
1 15 r
1 74 z
1 5 w
2 1 50
2 8 76
1 76 z
1 11 d
2 54 89
1 6 o
2 25 43
1 28 j
2 43 68
2 8 85
2 9 75
1 23 i
2 4 7
1 52 c
1 31 r
1 50 l
2 15 88
1 5 k
1 60 j
1 41 e
1 45 z
2 50 70
2 39 97
2 40 45
1 13 x
1 96 b
2 70 72
2 52 86
2 75 76
1 45 i
2 8 43
1 27 g
1 18 x
1 50 q
1 35 z
1 7 d
1 24 p
1 50 o
1 22 k
1 17 u
1 76 o
1 71 v
1 43 g
2 3 24
1 54 f
1 4 x
1 8 n
2 4 10
2 24 52
2 19 77
1 61 g
1 47 r
2 48 86
2 5 39
2 24 56
1 11 a
1 13 s
1 5 g
1 89 y
1 78 d
1 81 w
2 27 53
1 68 g
2 61 90
1 75 q
2 4 67
2 62 67
1 3 l
2 14 29
2 1 16
1 89 a
1 49 t
1 56 h
2 18 21
1 6 k
1 96 a
1 10 o
2 39 97
1 44 r
1 94 q
1 26 j
2 64 83
1 46 q
1 39 b
1 59 o
1 38 x
1 87 r
2 32 87
2 18 48
2 40 84
1 70 r
2 30 61
2 85 98
1 23 v
2 85 94
2 57 93
1 78 b
2 16 62
1 17 v
1 10 b
2 51 64
1 30 f
1 92 w
2 1 90
1 93 b
1 78 q
1 54 x
1 67 b
1 39 r
2 22 92
2 24 86
1 16 u
1 36 q
1 40 d
2 30 56
2 8 65
1 23 r
1 37 x
1 54 s
1 45 h
1 3 w
1 10 o
1 20 i
1 9 l
2 11 94
1 1 y
1 56 l
2 58 92
1 31 f
1 3 m
1 35 q
1 67 i
2 31 47
2 29 80
2 57 75
1 90 t
2 25 56
2 79 92
2 89 92
2 59 64
1 57 k
1 12 o
2 15 96
2 16 18
2 2 27
2 29 76
2 19 75
2 23 38
1 6 i
2 35 61
2 71 77
1 49 a
2 38 89
2 24 24
2 79 94
2 8 73
1 43 h
2 37 55
2 14 91
1 75 y
1 10 w
1 3 p
1 62 b
1 46 f
1 44 h
1 24 x
2 66 92
2 65 88
2 19 95
1 70 i
2 18 48
1 65 m
1 79 l
2 39 76
1 69 r
1 53 y
1 62 f
2 69 98
2 42 71
1 74 m
2 30 41
2 1 75
1 95 q
2 41 77
1 46 l
2 31 33
1 45 i
1 37 f
2 24 65
2 32 41
2 44 71
1 53 z
2 84 88
1 78 c
2 9 58
2 5 75
2 44 83
1 26 j
1 37 f
1 93 i
2 23 84
2 55 91
2 3 90
1 86 u
2 28 43
2 55 93
2 36 76
2 36 91
1 92 c
2 30 34
1 12 l
2 72 87
1 88 t
2 24 89
1 20 v
1 25 o
1 29 x
1 10 f
1 87 v
2 2 55
1 18 u
1 22 i
1 71 t
2 55 66
1 10 w
2 48 63
1 79 v
2 4 81
2 39 69
1 3 t
2 62 68
2 29 34
1 52 j
1 68 h
2 36 41
2 55 62
1 26 u
1 25 u
2 60 69
1 95 d
2 55 95
2 28 28
1 79 y
2 58 90
2 28 81
1 5 y
2 24 56
1 57 l
1 57 u
1 39 k
1 60 k
1 84 h
1 48 o
2 32 46
2 75 97
1 90 l
1 76 z
2 21 77
2 86 86
2 11 34
2 20 30
1 40 d
2 31 42
1 59 u
1 22 f
1 93 b
2 43 98
2 72 75
2 57 83
1 24 h
1 55 q
2 4 66
2 17 65
2 60 93
2 9 79
1 64 x
2 8 41
1 1 x
2 68 80
2 58 74
1 84 d
1 62 w
1 36 q
1 7 s
1 9 h
2 26 67
1 43 h
1 13 r
2 12 50
2 84 94
1 56 h
1 33 t
2 42 67
1 78 h
1 36 i
2 13 40
2 34 71
2 10 76
2 36 88
2 36 81
1 86 u
1 34 u
1 4 t
1 14 v
1 70 e
1 96 b
2 84 96
1 31 o
1 42 q
1 97 y
2 35 98
2 11 85
1 10 p
2 24 62
1 31 b
2 68 78
2 57 82
1 36 m
2 1 39
2 75 84
2 14 61
2 4 26
1 87 j
1 27 f
2 10 18
2 37 63
1 94 x
2 72 82
2 8 92
1 25 g
2 14 15
1 15 s
2 29 37
2 55 93
1 60 y
2 63 88
2 45 87
1 83 m
2 51 54
1 24 g
2 17 59
1 51 u
1 69 b
2 16 92
2 40 72
2 28 87
2 14 67
2 44 91
1 86 t
2 35 46
1 21 r
2 36 94
1 77 d
2 40 93
1 63 t
2 4 60
1 31 x
1 15 i
2 15 48
1 51 r
2 10 88
2 33 61
2 19 91
1 57 y
1 2 z
2 32 80
2 22 54
2 28 66
2 15 33
1 53 p
1 1 w
2 27 96
1 9 k
1 4 s
1 39 i
1 67 n
1 80 n
1 62 r
2 17 52
2 59 70
1 57 y
2 19 62
2 31 51
2 39 49
2 4 59
2 27 86
1 17 i
2 2 65
2 44 78
2 93 98
1 17 x
1 89 b
1 24 x
1 8 x
1 40 k
2 61 96
2 43 47
1 4 j
2 15 24
1 84 l
2 44 63
2 13 21
1 13 r
2 38 51
2 6 11
1 82 b
1 17 d
1 77 q
2 16 22
2 20 77
2 89 96
1 9 t
2 41 63
1 90 o
1 55 l
1 61 p
2 90 92
2 10 87
2 30 62
2 48 80
1 75 v
1 43 m
1 39 o
1 43 r
1 54 n
2 39 70
1 69 g
1 22 b
2 16 86
2 55 85
1 85 f
2 49 56
2 1 79
2 26 84
1 41 l
1 41 t
2 9 92
1 43 q
1 97 y
2 5 17
1 12 i
2 4 67
1 7 h
1 36 x
1 6 h
1 10 z
1 67 h
1 21 x
1 70 b
2 51 64
2 40 49
1 59 y
2 56 71
1 32 y
1 85 z
2 30 44
1 61 r
1 16 y
2 3 50
1 12 o
1 17 t
2 16 25
2 36 94
1 91 n
2 24 50
1 66 m
2 13 59
2 13 86
2 50 95
1 16 p
1 34 f
2 91 97
1 44 d
1 91 a
1 79 r
1 27 a
1 1 v
1 13 s
2 63 80
2 54 76
1 67 b
1 79 i
1 24 h
2 25 70
2 30 60
2 26 41
1 70 q
2 2 12
2 3 27
2 51 58
1 98 x
2 21 82
1 57 m
1 89 v
2 42 71
2 29 43
1 63 j
2 33 37
2 12 14
2 45 59
1 47 w
2 24 79
2 24 29
2 2 56
1 32 o
1 7 b
2 63 88
1 21 y
2 34 58
1 57 h
2 20 95
1 56 k
1 18 o
1 17 y
2 44 98
1 76 h
1 81 u
1 63 s
1 10 j
1 72 d
2 57 90
2 28 75
1 37 w
2 30 88
1 78 m
2 67 82
1 75 y
1 49 f
1 97 v
2 3 6
1 58 r
1 43 a
1 93 w
2 43 77
1 43 l
1 78 t
1 93 f
1 56 b
1 32 k
1 68 g
2 11 33
1 65 i
2 29 42
1 18 a
2 74 79
2 2 10
2 2 98
2 34 83
2 22 70
1 17 p
2 28 63
2 45 60
1 35 s
1 43 d
2 34 50
2 35 38
2 17 51
1 30 b
1 10 a
2 9 37
1 7 i
1 77 x
1 96 q
1 6 z
2 82 88
2 24 79
2 71 84
2 40 75
1 81 v
2 43 88
1 77 v
1 17 r
2 75 85
1 73 e
1 46 t
2 31 40
2 4 35
1 84 j
1 3 d
2 42 97
2 3 9
2 23 28
2 17 34
2 5 5
1 45 g
2 81 92
1 59 z
2 65 88
2 14 21
2 47 86
1 36 m
1 57 n
2 14 59
1 64 b
1 69 q
1 73 p
2 3 60
2 5 63
1 10 p
1 8 z
2 56 71
2 44 93
2 80 85
1 17 f
2 47 95
1 19 u
1 42 d
2 74 94
2 1 13
1 48 y
1 12 b
1 28 n
1 31 l
2 13 14
2 25 56
1 92 o
1 36 g
2 61 90
2 1 86
2 81 98
1 10 v
2 61 98
1 52 v
1 83 j
2 66 74
1 90 c
2 15 22
2 8 22
2 5 91
2 7 32
2 8 67
2 4 90
1 72 t
1 80 s
2 30 79
1 52 a
2 10 52
1 69 m
1 2 v
2 74 82
2 79 93
2 45 79
1 83 q
2 10 73
1 43 v
2 19 72
1 45 b
2 29 79
2 42 95
1 39 h
1 37 z
2 84 97
2 7 40
2 34 45
2 23 70
2 40 47
1 81 m
1 70 u
1 70 c
2 17 89
1 12 v
1 42 n
1 48 t
2 29 43
2 10 40
2 4 12
2 13 85
2 64 68
2 29 48
2 35 65
2 12 94
1 86 e
2 44 54
1 33 o
2 90 90
1 60 x
1 68 k
1 65 j
1 39 g
1 64 f
2 46 57
1 37 m
1 50 c
2 57 84
2 32 88
2 23 33
1 81 o
2 58 70
2 16 59
1 55 n
2 29 74
2 17 98
1 14 b
2 36 48
2 6 44
1 77 j
1 13 e
2 35 86
2 3 4
2 30 85
2 1 37
2 17 60
2 46 76
1 54 g
1 18 p
2 30 79
2 21 84
2 27 75
2 12 14
1 49 x
2 18 95
2 15 80
2 45 73
2 49 55
1 32 v
2 18 48
1 84 v
2 7 69
2 86 88
2 86 97
2 32 91
1 5 g
1 98 j
2 35 36
1 24 u
2 58 71
2 13 80
2 53 55
1 13 b
1 29 v
1 5 c
1 2 p
2 30 69
2 11 18
1 55 n
2 21 37
2 25 70
1 71 y
1 98 x
1 89 h
2 41 70
2 78 93
2 18 53
2 56 73
1 27 x
1 6 f
2 59 59
1 48 o
1 69 w
1 7 a
1 1 r
1 46 m
1 50 b
1 18 y
1 59 y
2 12 70
1 19 l
1 74 y
1 45 o
2 64 72
1 27 g
1 5 q
2 8 47
2 27 68
1 29 u
1 68 u
1 35 b
1 39 q
2 55 66
1 29 f
2 54 76
2 14 76
1 13 u
1 39 o
2 33 83
2 24 33
1 24 r
1 32 h
2 10 56
2 7 78
1 84 s
2 75 92
1 89 a
1 53 l
1 24 k
1 49 p
2 49 70
1 70 z
1 85 o
1 88 c
1 7 n
1 24 q
1 78 p
1 18 e
2 20 93
2 48 88
1 2 z
1 98 o
1 77 n
1 70 o
1 89 g
1 48 w
2 32 86
1 69 v
2 15 31
1 83 e
1 35 i
1 14 a
2 29 73
2 18 72
1 25 s
1 56 t
2 39 72
2 39 44
1 64 w
1 23 k
2 12 58
2 71 92
1 21 h
2 33 83
1 38 x
2 44 94
1 90 c
1 69 h
1 48 r
2 26 72
2 1 33
1 80 o
1 68 k
2 36 94
2 49 91
2 27 35
1 47 o
2 33 39
1 32 v
1 45 f
2 7 32
2 10 60
2 5 14
2 38 64
2 2 83
1 72 g
1 64 m
2 20 91
2 46 82
2 43 75
2 10 37
2 54 76
1 98 p
1 11 v
2 70 78
1 84 k
1 59 w
1 10 q
2 27 60
1 52 q
2 42 58
2 9 64
1 77 j
2 28 85
2 51 64
1 84 k
2 49 69
2 3 51
2 5 83
1 68 p
1 16 j
2 62 86
1 74 f
2 52 68
1 75 o
2 7 41
2 70 84
1 38 q
1 74 z
2 60 86
1 87 l
1 64 d
1 56 l
2 29 96
1 28 i
2 30 85
1 72 k
2 43 79
1 7 v
1 19 w
2 18 96
1 92 g
1 9 f
1 88 l
2 2 95
1 89 w
2 32 45
2 14 84
2 36 79
2 68 91
1 4 a
1 95 s
1 34 o
1 2 k
1 22 l
2 38 44
2 12 73
2 32 72
1 2 w
2 52 67
2 30 66
1 54 u
2 6 51
2 34 82
1 89 j
1 27 a
1 7 d
1 45 c
2 5 22
2 60 84
2 59 78
2 32 97
1 90 p
1 87 p
2 13 64
2 6 71
1 70 k
2 5 65
1 4 y
1 98 t
2 15 49
1 81 p
1 49 d
1 21 u
2 79 90
1 12 n
1 19 w
1 34 t
2 42 96
2 43 93
1 78 r
2 35 84
2 72 77
2 5 93
2 4 89
1 9 n
1 67 a
1 56 x
1 88 z
1 82 c
1 70 r
2 56 91
2 29 90
1 36 x
2 36 80
1 79 d
1 98 w
2 23 23
2 3 15
1 51 g
1 51 r
2 1 68
2 23 63
1 76 n
2 67 81
1 97 z
2 19 35
2 41 91
2 59 94
1 52 r
1 26 f
1 78 e
1 49 t
1 22 k
1 93 g
2 31 71
1 52 f
1 77 j
1 87 v
1 10 j
1 90 a
2 40 97
2 24 33
2 43 64
1 82 j
2 37 44
2 13 24
1 93 h
1 13 o
1 79 g
2 53 68
2 24 64
1 52 w
1 13 u
2 64 86
2 35 64
2 63 84
2 20 98
1 38 p
2 45 90
2 39 72
2 62 88
2 10 43
1 39 j
2 49 67
2 31 86
2 32 73
1 12 y
2 27 62
2 9 40
1 77 o
2 2 13
2 51 75
1 7 u
2 47 58
2 27 36
2 21 92
1 43 n
1 14 k
1 2 i
1 88 w
1 17 j
2 76 81
1 76 v
2 73 92
2 41 75
2 44 73
1 78 d
2 71 85
2 47 60
2 9 59
1 66 p
1 78 z
1 32 f
2 41 76
2 21 24
2 5 30
2 26 45
2 34 42
1 11 a
1 29 m
2 24 36
2 59 63
2 59 67
2 23 31
1 56 o
1 45 d
1 79 u
2 1 56
2 3 62
1 34 p
2 13 78
1 55 v
1 69 h
2 35 48
1 29 x
1 86 y
2 88 93
2 45 46
1 31 v
1 97 y
1 73 l
2 65 76
2 37 82
2 49 56
1 2 z
1 72 t
1 79 m
1 17 h
1 68 v
1 12 e
1 11 b
2 5 94
2 72 86
1 72 k
2 55 57
2 54 94
2 32 57
2 36 91
2 54 66
1 70 a
1 61 d
1 3 o
1 21 t
1 62 b
2 71 90
2 21 53
2 8 61
2 34 62
1 19 b
1 4 b
2 5 68
1 16 e
2 18 71
1 74 s
2 35 57
1 7 j
2 5 79
1 75 r
1 73 x
1 85 c
2 25 77
2 19 71
2 86 97
2 78 82
1 37 n
2 30 77
1 92 x
1 55 b
2 55 89
1 27 c
1 36 a
2 23 63
2 52 56
2 27 27
2 14 95
2 43 83
2 73 97
1 87 d
2 23 83
1 16 o
2 41 59
1 48 z
2 14 76
1 83 r
2 20 39
1 80 t
1 88 n
2 11 53
2 91 94
1 37 z
2 76 94
1 64 u
2 27 59
2 46 79
2 44 74
2 43 94
1 96 s
1 44 e
1 37 d
1 45 e
2 59 70
1 97 b
2 4 84
1 93 y
2 22 73
2 40 82
1 16 i
1 50 n
1 19 k
1 57 g
2 70 86
1 72 v
2 26 57
1 20 y
2 60 67
1 12 e
1 2 d
1 32 j
2 22 84
1 1 o
2 31 44
1 66 f
2 9 79
2 36 55
1 96 l
2 9 35
1 22 e
2 15 69
2 60 75
1 53 o
2 67 96
2 7 32
1 68 n
1 82 q
2 3 65
2 4 11
1 9 u
2 58 59
1 27 n
2 20 44
2 35 42
1 42 t
1 39 i
2 12 90
1 41 v
1 38 r
1 27 y
1 31 m
2 18 22
2 23 52
2 46 52
2 73 82
2 9 44
1 98 m
2 32 43
2 6 71
1 81 m
1 9 l
2 53 90
2 51 60
1 97 u
1 31 w
2 18 60
1 67 m
1 81 m
2 47 71
2 9 87
1 54 o
2 1 32
2 12 43
2 7 60
1 41 s
2 22 42
2 27 73
1 96 d
1 34 o
1 79 e
1 6 h
1 77 k
2 33 53
1 73 k
2 71 92
1 69 l
1 2 u
1 12 c
1 38 u
1 26 r
2 18 67
2 10 17
2 3 79
2 53 67
1 9 v
1 89 x
1 1 o
2 12 64
1 36 z
2 62 89
1 1 n
1 5 n
2 62 78
1 85 q
2 47 70
1 43 r
1 18 e
1 91 l
2 6 8
1 45 f
2 4 80
1 86 q
1 15 e
2 14 28
1 60 y
2 49 52
1 38 l
1 25 l
1 91 e
2 55 60
1 68 e
1 16 b
1 19 w
1 67 x
1 93 h
1 74 p
2 41 69
2 5 6
1 33 s
1 9 i
2 39 87
2 12 59
1 98 i
2 83 86
1 29 k
2 18 87
1 69 s
1 32 m
1 61 q
1 50 i
1 81 w
1 5 z
1 66 z
1 46 q
1 37 n
1 54 s
1 5 p
2 28 97
2 55 95
1 68 g
1 29 z
2 5 16
1 20 b
1 21 d
1 19 l
1 36 h
1 31 y
1 5 j
1 11 s
2 46 75
2 2 85
1 54 y
2 33 54
2 5 29
2 46 49
2 68 78
1 71 q
2 46 85
2 23 30
2 44 45
1 55 p
1 27 y
2 1 57
1 44 e
2 3 51
1 74 l
1 65 i
1 30 w
2 14 53
2 52 81
2 70 77
1 69 x
1 19 h
2 32 61
2 8 12
1 58 l
2 11 69
2 27 72
2 81 98
1 37 a
2 67 93
2 9 10
1 74 k
1 62 e
1 53 e
1 75 a
1 12 v
2 47 81
2 22 92
2 24 53
2 13 87
2 7 63
1 33 t
2 17 66
2 36 48
1 77 j
1 5 w
1 24 f
2 38 72
2 18 22
2 54 89
1 3 h
1 94 k
1 18 w
1 16 r
1 7 c
2 76 89
1 70 w
2 27 46
1 2 k
2 26 40
1 62 a
1 23 n
1 1 s
2 12 59
2 12 96
2 32 57
2 10 85
1 84 j
2 46 87
1 39 r
1 31 x
2 51 73
1 80 y
2 85 92
2 49 78
1 17 e
1 3 l
2 50 74
1 50 y
2 30 88
2 8 25
1 72 v
1 1 o
1 29 v
1 12 l
2 11 98
2 26 83
2 22 85
2 89 91
2 36 58
1 12 w
2 19 70
1 35 m
2 52 86
1 74 x
1 26 u
2 6 50
2 58 96
1 38 r
2 41 59
1 57 s
2 15 33
1 8 j
1 25 r
2 13 14
1 35 t
1 27 z
1 35 g
1 36 f
2 57 95
1 54 r
1 55 t
2 64 96
2 18 76
2 42 50
1 56 j
1 50 j
1 4 a
1 9 w
1 89 k
1 36 w
1 73 k
2 55 82
1 78 i
1 32 h
1 86 k
1 10 e
1 83 y
1 94 c
2 69 77
2 82 92
2 90 96
1 32 v
1 72 d
2 31 58
2 45 71
2 10 83
2 1 16
2 49 61
1 16 p
2 52 62
1 59 m
2 52 98
2 71 87
1 96 s
2 5 37
2 10 30
2 16 21
1 16 x
2 31 70
2 81 82
1 34 t
1 34 t
1 6 n
2 5 63
1 66 c
1 79 n
2 50 98
1 15 d
1 75 y
1 85 v
2 31 41
2 38 44
1 26 b
2 52 56
1 16 t
2 25 69
1 29 j
2 51 79
1 10 c
2 41 48
1 32 v
2 66 86
2 60 98
2 21 60
2 79 95
1 62 f
1 69 y
2 53 73
2 2 71
2 6 52
1 79 k
2 1 68
2 27 59
2 70 87
1 17 i
1 7 s
1 10 t
1 15 r
2 75 78
1 91 a
1 19 o
1 93 r
2 10 33
1 89 b
2 11 56
1 50 e
1 46 c
2 31 56
1 37 g
2 10 71
1 31 c
1 58 a
1 32 x
1 4 a
2 5 74
2 27 77
1 82 n
2 31 57
1 52 y
1 24 c
2 6 81
2 28 66
1 22 g
2 57 61
1 18 p
2 3 43
2 18 81
2 10 60
1 39 v
2 18 67
2 11 75
2 59 77
1 21 m
2 25 45
1 64 x
2 80 90
2 36 87
1 45 j
2 13 38
1 46 b
2 17 91
2 39 60
1 57 o
1 92 m
1 63 c
2 53 71
1 42 g
1 35 o
2 38 74
1 71 x
1 5 p
1 42 j
2 19 83
2 15 20
2 10 30
2 17 79
2 30 65
1 10 m
2 75 91
2 8 30
1 92 q
1 39 f
2 6 26
1 8 b
2 65 94
2 97 98
1 64 q
2 41 82
1 69 l
2 59 60
2 5 35
1 61 x
2 33 39
1 16 e
1 6 b
1 5 q
1 75 k
2 29 52
1 83 j
1 53 n
2 4 88
1 24 t
2 16 36
2 5 27
2 86 93
1 14 j
1 42 p
2 41 71
1 77 a
2 17 97
1 75 b
1 14 t
1 90 t
2 7 83
1 11 c
2 65 82
2 86 90
2 42 47
1 2 v
1 64 x
2 65 87
2 26 84
1 76 p
1 74 q
2 17 54
1 40 w
1 76 d
2 23 59
1 74 n
1 48 n
1 33 n
2 29 64
1 5 i
2 39 57
2 42 42
1 7 g
1 4 q
1 84 i
1 89 n
1 80 z
2 10 12
2 79 82
1 17 e
2 23 79
1 95 h
1 75 b
1 20 v
1 47 x
2 56 73
2 3 75
2 28 38
1 21 b
2 1 72
2 60 81
1 15 n
1 17 b
1 86 s
1 68 l
2 3 57
2 22 75
2 7 39
2 62 92
1 85 o
1 81 z
1 71 a
2 45 90
2 28 50
1 49 s
2 43 54
2 55 96
2 46 95
2 59 80
1 98 k
1 74 k
1 88 u
2 4 29
1 93 e
1 25 l
2 34 68
2 33 90
1 12 o
2 10 60
2 40 64
1 79 p
1 90 n
1 74 l
1 47 v
1 80 f
1 55 h
2 38 93
1 6 h
1 47 s
1 31 z
1 31 c
1 39 h
2 37 76
2 16 87
2 9 62
2 34 87
2 35 36
1 21 z
2 34 38
2 73 79
1 2 p
2 71 85
1 25 r
2 22 73
1 96 n
2 38 68
2 41 91
1 26 f
1 22 h
1 93 g
2 10 21
1 77 v
2 1 31
1 17 q
1 61 o
2 11 36
1 48 w
2 51 94
2 57 83
2 40 40
2 45 98
2 75 86
2 36 59
1 97 j
1 71 f
1 84 o
1 67 t
2 33 80
1 40 s
2 83 84
2 46 65
2 28 91
2 73 91
2 4 27
1 81 q
2 22 83
1 62 a
2 41 97
1 14 i
1 31 h
2 3 45
2 26 41
2 7 97
2 18 56
2 30 90
1 22 w
2 67 75
2 4 76
1 4 s
1 96 e
1 92 c
1 6 i
2 18 58
1 34 f
1 63 t
1 72 d
2 51 65
1 96 e
1 90 r
1 98 f
2 46 72
2 22 64
1 96 r
1 59 n
2 6 81
1 83 d
2 10 35
2 30 39
1 40 u
1 35 p
1 32 j
2 26 28
2 24 39
1 7 g
2 97 97
1 6 s
1 28 e
1 73 p
1 53 r
2 40 70
1 92 k
1 27 y
2 79 91
1 10 q
1 90 d
1 68 s
2 7 56
1 63 b
1 28 x
2 5 45
2 39 84
2 45 50
1 20 b
2 16 49
1 42 i
1 91 t
1 94 v
2 11 57
2 10 92
1 60 u
1 77 z
2 9 38
2 3 73
2 19 96
1 17 j
1 93 w
1 45 t
1 21 i
2 15 93
1 40 q
1 83 i
2 17 44
2 38 88
2 44 62
1 92 l
1 28 y
1 56 r
2 39 60
1 84 m
2 40 64
2 89 90
1 79 w
1 19 u
2 90 94
2 28 36
2 20 33
1 36 w
2 73 87
2 1 24
2 8 14
2 32 43
1 89 e
1 1 v
2 8 85
2 1 60
2 56 64
1 48 m
2 20 59
1 98 y
1 15 a
1 96 f
1 49 e
2 48 97
2 17 46
2 50 86
1 17 q
2 2 84
1 21 b
1 65 n
1 47 d
1 7 i
2 15 77
2 66 92
1 61 c
1 33 c
2 45 54
1 11 m
2 28 48
2 48 70
1 71 b
2 23 58
1 75 n
2 13 22
2 27 52
1 13 d
1 30 s
2 4 38
1 38 g
1 60 p
2 90 92
1 6 j
2 74 94
2 17 86
1 54 r
2 67 85
2 5 78
2 10 31
2 48 50
1 56 c
1 17 r
2 48 75
1 36 i
2 69 74
2 86 95
1 18 n
1 24 d
2 26 36
1 15 l
2 20 61
1 97 s
2 55 70
1 30 u
1 94 e
1 7 e
2 62 74
2 6 44
1 95 j
2 37 55
1 29 j
1 50 z
2 33 96
2 4 45
1 5 u
1 39 z
1 82 l
1 83 l
2 24 27
2 77 83
2 86 98
1 6 p
2 48 98
2 19 75
2 16 46
2 63 68
2 18 71
1 75 s
2 14 76
2 58 90
2 10 90
2 33 34
2 12 41
2 29 86
1 27 k
2 38 94
1 28 o
1 75 d
1 48 f
2 40 57
1 23 e
1 62 v
1 49 p
2 24 85
2 9 16
1 14 y
1 23 s
1 47 i
2 29 47
2 29 81
1 47 i
2 12 24
2 9 45
1 64 k
1 94 z
1 11 t
1 89 r
2 69 94
2 73 77
1 94 u
2 24 72
1 73 k
2 4 41
1 85 i
1 24 q
1 59 l
2 36 58
2 84 98
1 94 m
1 68 t
2 65 84
1 69 m
2 58 70
2 10 79
2 1 25
1 89 t
1 64 u
1 7 a
1 73 w
1 54 h
1 36 q
2 18 70
1 10 v
1 12 k
1 17 j
1 1 m
1 39 y
2 35 63
2 25 43
2 20 23
1 85 a
2 3 54
1 16 t
2 31 62
2 13 89
1 84 h
1 98 j
2 52 86
1 3 d
2 68 79
2 38 69
1 27 m
1 32 x
1 3 w
2 27 67
1 38 v
1 4 g
1 3 j
2 36 87
2 15 62
1 54 a
1 51 u
1 81 s
2 66 79
2 12 58
1 92 m
2 16 31
1 59 o
1 56 q
1 53 a
2 23 34
1 64 k
1 70 k
2 25 35
1 68 k
2 15 24
1 43 q
2 28 62
1 40 w
2 24 66
2 56 88
2 74 84
2 11 32
1 66 m
2 37 94
1 38 u
2 28 45
2 7 76
1 54 m
2 64 76
2 13 89
1 69 o
1 81 w
1 78 f
1 43 o
2 67 79
1 12 y
2 96 96
2 30 79
1 66 h
1 45 m
1 19 i
1 92 y
1 60 g
1 33 f
2 3 47
1 67 v
1 34 k
2 16 77
2 42 97
2 2 22
2 30 85
1 30 y
1 96 f
1 72 d
1 97 q
1 65 n
2 12 26
2 4 38
1 75 i
2 32 41
1 28 c
1 23 c
1 79 n
2 36 84
2 5 97
1 86 a
2 52 74
1 98 h
1 24 w
1 73 g
1 90 t
1 6 z
1 9 y
1 66 g
2 86 94
1 71 o
1 97 u
1 13 a
2 58 60
1 4 g
2 63 90
2 33 60
2 51 92
2 58 77
2 48 53
2 23 98
1 9 m
2 4 71
2 31 42
2 26 72
1 20 x
2 51 66
2 59 82
1 42 p
2 48 65
2 41 75
2 34 35
1 55 l
2 64 77
2 38 91
1 15 h
1 26 a
1 60 c
2 14 54
1 22 c
1 20 y
1 67 r
1 97 v
1 48 n
1 67 b
1 98 v
2 54 73
1 14 e
2 18 20
2 34 62
1 64 v
1 88 i
2 15 24
2 11 74
1 3 f
1 64 v
2 7 30
2 67 81
2 16 37
1 70 s
1 72 g
2 12 94
2 56 71
2 39 89
2 73 91
2 10 32
1 67 c
2 26 81
2 3 49
1 1 r
2 87 94
1 12 f
2 7 26
2 22 45
1 95 s
1 28 j
1 3 j
2 59 69
2 17 98
1 45 t
2 28 56
1 51 e
1 6 g
2 31 41
1 73 f
2 7 11
1 83 a
1 88 k
2 10 74
2 12 35
2 17 63
1 67 p
2 23 55
2 69 71
2 37 97
1 28 a
2 32 58
2 50 87
2 78 89
1 29 p
1 16 i
2 60 87
2 12 46
2 65 84
2 37 44
1 56 j
1 85 u
2 13 42
1 81 h
1 21 u
2 60 95
1 59 w
2 58 75
2 68 94
2 69 77
1 91 n
1 34 j
2 3 3
2 21 71
1 33 q
2 25 84
2 22 94
1 58 s
1 78 p
2 54 84
1 16 b
2 27 81
1 8 z
2 41 64
1 60 v
1 78 v
2 1 80
1 53 c
2 28 83
1 28 z
1 95 w
1 88 g
2 22 43
1 62 p
2 54 62
1 79 c
2 78 82
2 67 83
1 59 c
1 47 r
1 41 d
1 94 d
2 70 71
1 9 q
1 12 y
2 49 89
2 11 48
1 75 t
1 56 a
2 1 4
1 43 p
2 2 10
1 63 p
2 5 76
2 7 59
1 97 j
1 66 o
1 61 y
1 22 j
2 65 84
1 5 a
1 65 e
2 73 93
2 32 98
1 39 h
2 36 59
1 30 b
2 36 95
1 34 i
2 56 68
1 6 z
2 60 63
2 28 84
2 52 63
1 35 c
2 48 94
1 74 d
2 39 63
2 42 77
1 76 y
1 77 n
2 36 48
1 56 f
2 51 58
2 8 27
2 52 93
1 91 k
1 12 g
1 78 c
1 65 c
2 40 68
1 57 r
2 29 63
2 4 68
1 64 n
2 35 42
2 3 28
2 8 31
2 21 46
2 54 67
1 80 q
1 62 x
2 7 94
2 62 67
2 70 76
2 8 58
2 14 73
2 18 30
2 2 94
1 54 j
2 20 94
1 61 f
1 33 m
2 35 53
2 8 57
2 35 66
1 3 n
2 53 84
2 52 69
2 26 96
2 24 48
1 10 h
1 82 g
2 42 71
2 20 42
2 47 77
1 76 q
1 56 t
2 8 85
1 33 x
1 42 n
2 24 92
2 34 47
2 12 92
1 15 p
1 69 o
2 12 74
2 51 78
2 23 79
1 63 m
1 25 j
1 70 i
1 20 s
1 14 j
1 46 u
1 72 h
1 91 w
1 23 l
1 71 n
1 26 f
2 62 70
1 86 l
2 41 53
1 17 a
2 4 17
1 37 a
1 53 f
2 76 88
1 36 v
1 87 p
2 81 94
2 71 98
2 80 97
1 70 r
1 83 c
1 89 l
1 96 c
1 71 q
1 72 k
1 75 w
2 1 61
2 70 84
2 43 93
2 17 92
1 55 u
1 71 f
1 32 m
2 8 87
2 22 32
2 26 72
2 21 87
1 43 r
2 30 88
1 6 e
1 21 b
2 13 33
2 48 83
2 27 31
1 40 i
1 27 n
1 65 e
1 56 d
2 26 73
2 22 62
1 56 i
1 46 k
2 13 32
2 46 66
1 42 a
2 26 76
2 10 76
2 60 78
2 11 15
2 12 15
2 59 72
1 9 g
2 42 93
1 12 i
2 36 48
1 91 e
1 53 f
1 38 x
2 68 74
1 95 h
1 84 h
2 19 84
1 49 i
1 28 z
1 34 f
1 9 n
1 71 z
2 44 48
1 18 s
2 58 68
2 60 86
1 38 h
2 16 65
2 18 95
1 48 s
1 41 w
2 61 87
1 44 h
2 59 61
2 56 83
2 4 98
1 1 v
2 22 29
1 37 v
2 22 91
1 37 p
1 11 x
2 6 8
1 25 p
2 49 84
2 9 21
1 48 m
2 28 28
2 35 87
1 20 l
2 4 23
1 84 t
2 23 83
2 44 66
1 21 f
2 29 69
2 36 52
1 12 w
2 21 64
1 60 m
2 60 68
1 24 q
2 17 24
1 15 m
1 94 g
2 66 68
1 23 q
1 6 e
1 5 x
1 28 d
2 68 80
2 27 81
1 79 j
1 29 g
2 71 94
1 96 m
2 19 90
1 52 f
1 41 k
2 18 42
1 5 d
2 39 98
1 61 i
1 68 x
2 12 91
2 21 31
2 64 82
2 72 85
2 58 74
1 68 a
1 13 j
1 51 v
2 83 94
1 39 o
1 14 j
2 15 31
2 35 59
2 34 35
2 16 23
2 17 59
1 69 n
2 91 98
1 24 j
1 71 a
2 54 72
2 51 77
2 18 56
2 60 82
2 63 96
1 63 z
2 27 48
2 36 92
2 12 23
2 41 60
1 38 r
2 34 57
1 36 j
2 54 92
2 33 86
2 78 91
2 21 42
1 61 b
2 78 94
2 24 54
1 40 k
2 3 34
2 12 87
2 48 65
2 3 7
2 48 74
2 85 92
1 62 y
1 85 y
2 49 54
2 45 90
1 55 g
2 16 86
2 23 81
2 36 83
1 96 k
1 77 m
2 9 67
1 14 s
2 38 92
2 25 65
2 34 56
1 28 d
2 56 70
2 70 73
2 15 86
1 92 x
1 39 d
2 1 1
2 6 24
1 85 h
1 34 q
2 70 98
2 35 92
2 38 43
1 75 e
2 6 54
1 87 r
1 40 v
2 1 10
2 57 69
1 67 z
1 13 o
1 6 y
2 18 70
1 43 d
2 9 52
1 78 d
2 6 55
1 61 d
1 86 c
2 88 97
2 58 85
1 89 i
1 37 g
2 40 69
1 44 h
2 8 83
2 12 42
1 42 a
1 11 z
2 33 84
2 3 48
1 8 c
1 95 n
1 4 e
2 88 93
1 37 s
1 67 g
2 14 76
1 16 s
2 37 75
1 17 v
2 20 43
1 79 j
2 6 56
2 5 29
2 34 37
1 40 q
1 69 r
2 7 48
2 22 89
2 22 36
1 55 s
2 61 78
1 34 r
1 64 j
1 58 v
2 10 13
1 41 b
2 56 94
2 62 85
2 13 25
1 72 a
1 76 h
2 22 87
2 32 45
1 23 s
2 37 95
1 45 e
1 27 d
1 73 e
2 45 83
1 80 t
1 21 v
2 18 62
1 75 w
2 46 94
2 57 72
2 37 89
1 93 r
1 64 r
2 69 76
2 67 83
2 14 44
1 45 y
2 11 31
2 21 93
2 36 90
1 38 f
2 7 83
2 15 44
1 63 k
1 16 q
1 74 i
2 2 63
1 53 q
2 16 85
2 5 9
1 12 o
2 19 25
2 10 55
1 38 q
1 57 j
1 26 p
2 40 76
1 75 p
1 24 l
2 22 58
1 54 p
2 41 61
1 89 l
1 25 j
2 2 84
2 90 93
2 16 65
1 58 p
1 52 b
1 45 t
2 36 54
1 23 k
2 14 83
2 90 96
1 60 f
1 70 b
1 25 c
2 10 20
2 28 81
2 74 88
2 29 88
1 49 s
2 51 78
1 77 b
2 31 86
1 52 u
2 76 93
1 78 e
2 7 68
2 39 62
1 52 o
1 48 o
1 48 r
2 19 60
2 18 88
2 26 52
2 1 28
1 9 w
2 39 45
2 36 41
2 82 87
1 42 y
2 79 93
1 44 m
2 75 92
1 55 q
2 22 54
1 73 k
2 86 93
2 3 77
1 38 h
2 34 94
2 10 66
2 2 53
2 4 83
2 29 85
2 42 89
1 36 p
2 14 34
1 65 w
1 57 w
1 29 m
1 96 t
1 19 b
1 89 h
2 28 73
1 94 s
2 34 64
1 61 m
1 62 l
2 69 90
2 23 68
2 23 33
1 68 f
1 77 h
1 3 v
2 58 94
1 58 z
2 17 52
1 21 o
2 7 29
2 75 76
1 34 n
2 19 25
2 23 69
2 63 97
2 8 78
1 95 h
2 30 36
1 11 i
2 70 94
1 41 b
1 26 u
2 10 63
2 19 81
1 21 g
2 18 63
1 67 n
2 4 44
1 58 k
2 78 94
2 6 72
1 89 b
1 86 r
1 44 j
2 56 88
1 96 e
2 53 66
1 63 g
2 24 25
2 48 68
1 2 r
2 51 55
2 78 88
1 47 e
1 3 j
2 27 61
1 23 g
1 1 t
2 63 67
2 29 45
1 3 g
1 23 p
1 3 d
1 67 z
1 71 g
2 7 53
1 17 f
2 45 46
1 51 l
2 28 61
2 1 89
2 39 89
1 61 h
2 11 24
2 59 77
2 21 97
2 57 74
1 85 g
1 15 q
1 52 q
2 40 60
1 18 z
1 20 j
1 20 n
2 38 71
1 29 b
1 69 d
2 64 92
1 23 f
1 52 d
2 14 77
1 65 m
1 85 x
1 47 r
2 14 58
2 15 19
1 49 s
1 91 y
2 38 94
2 18 46
1 67 l
2 18 30
2 68 93
1 2 e
1 31 m
2 45 52
2 17 50
1 70 p
1 51 l
2 33 60
2 2 88
1 35 l
2 8 91
2 88 89
1 44 x
1 55 k
1 1 a
2 3 19
1 31 s
2 51 53
2 64 88
2 60 77
2 25 84
2 10 27
2 10 85
2 22 26
2 2 87
2 11 74
1 84 f
1 64 f
2 15 31
1 58 k
1 6 c
1 42 p
1 73 m
1 4 j
2 71 93
2 22 44
1 73 x
1 35 m
2 42 50
2 9 54
1 39 a
1 32 i
1 58 j
2 70 95
1 57 a
2 21 92
2 45 66
1 68 h
1 77 y
1 12 p
1 52 j
2 2 22
2 24 98
2 2 81
2 59 62
1 93 i
2 9 93
1 47 t
1 1 w
1 82 u
1 16 d
1 72 c
1 14 j
2 32 70
1 95 g
1 53 p
2 86 94
1 63 u
1 94 d
1 74 n
2 41 54
1 32 z
1 59 k
1 28 b
1 98 j
2 22 56
2 3 13
1 2 c
1 44 t
1 86 z
1 81 o
1 13 g
1 48 q
2 5 38
2 66 87
2 66 69
1 82 p
1 1 j
2 6 20
2 49 98
1 75 w
2 13 31
2 3 50
2 14 68
1 6 w
2 2 73
1 21 x
2 52 76
2 5 24
2 23 51
2 12 38
2 53 97
1 16 z
2 14 67
1 48 l
2 42 87
1 36 d
2 2 57
1 6 h
1 60 o
2 38 75
1 69 o
1 91 l
1 7 v
1 54 w
1 48 q
1 26 g
1 94 c
2 6 41
2 38 47
2 39 72
2 14 16
2 56 90
1 74 h
2 33 63
2 33 80
1 2 z
2 11 67
1 34 y
2 75 80
1 97 j
1 63 i
1 69 l
1 64 o
1 35 f
1 44 z
1 19 p
1 34 s
2 78 78
1 55 a
2 1 69
2 35 78
2 4 5
2 22 30
1 55 f
2 67 87
1 38 b
1 66 i
2 8 12
2 36 44
2 52 90
2 56 64
2 51 87
1 26 c
1 74 j
2 39 85
1 46 k
2 89 95
1 44 l
2 11 16
2 4 43
1 59 q
1 44 o
2 35 70
1 44 g
1 50 l
1 12 m
2 2 91
2 8 23
1 44 u
1 3 r
1 8 d
1 47 g
2 78 79
2 18 84
1 48 d
1 68 y
2 62 77
1 22 k
1 47 t
1 95 c
1 36 l
1 57 f
2 28 68
2 11 42
1 49 k
2 15 28
1 1 c
1 7 o
1 92 b
2 52 57
1 6 j
1 85 u
2 27 80
2 28 76
2 63 88
2 6 6
1 39 k
1 17 e
1 76 n
2 81 86
2 18 75
1 43 u
2 25 70
1 66 x
2 56 79
2 7 57
2 9 51
2 34 70
1 15 z
2 63 92
1 58 w
2 34 78
1 79 u
2 49 94
1 57 b
2 71 88
1 46 b
1 86 f
1 9 j
1 88 m
1 13 c
2 62 84
1 13 t
1 5 h
2 15 59
1 89 c
2 47 82
1 21 r
1 59 q
1 46 b
2 10 80
1 95 p
2 14 84
1 94 d
1 95 x
2 62 87
1 9 p
2 59 95
1 55 a
2 9 62
1 93 g
2 20 46
1 25 m
2 53 67
2 7 12
1 39 e
1 51 v
1 36 b
1 76 j
1 44 p
2 38 98
2 13 21
1 92 o
2 44 80
2 3 57
1 94 g
1 49 q
1 87 l
2 15 38
1 75 l
1 51 z
1 30 a
1 78 u
2 5 9
1 81 g
1 17 m
1 52 a
1 82 v
1 8 v
1 65 r
1 23 g
1 27 b
1 13 v
2 4 91
1 34 h
2 28 32
2 38 57
2 55 79
2 76 85
1 62 q
2 36 81
2 55 70
1 69 j
2 10 77
2 18 80
1 9 c
1 62 c
2 32 77
2 13 82
2 41 90
2 78 81
2 89 95
2 12 70
1 85 s
1 69 h
2 14 78
2 30 93
2 67 82
2 83 88
1 47 i
2 34 74
2 23 79
2 6 14
2 31 49
2 1 25
1 61 n
1 63 a
2 1 71
2 50 55
2 11 63
1 73 w
1 21 u
1 72 s
1 96 j
1 69 t
2 73 81
2 30 68
1 73 f
1 45 p
1 90 t
1 13 d
1 54 i
1 13 z
2 30 44
2 16 76
1 40 v
2 19 55
1 20 b
2 9 26
2 46 84
2 60 64
2 25 59
1 47 k
1 39 m
1 4 x
2 50 66
2 50 72
1 61 k
1 84 a
2 64 77
1 21 d
2 14 33
1 29 f
2 16 56
1 46 b
1 84 g
2 49 96
2 21 38
1 79 c
2 45 98
2 63 71
2 87 88
2 35 72
2 10 52
2 39 75
1 48 i
2 2 18
2 44 62
1 59 t
1 75 u
1 4 b
2 29 54
2 41 95
2 21 40
1 69 s
2 64 89
1 87 i
1 49 s
2 18 67
2 29 81
2 53 83
1 25 p
1 2 d
1 61 r
2 21 32
2 52 69
1 55 a
2 18 51
2 29 70
2 32 76
1 6 d
2 6 33
1 21 g
1 27 y
2 13 13
1 73 s
1 51 f
2 1 40
1 84 r
1 27 h
2 1 38
1 27 s
2 36 72
2 28 82
1 95 u
1 3 k
2 37 88
2 17 43
2 10 37
2 12 49
1 45 l
2 35 75
2 24 69
2 26 97
1 84 n
2 59 85
2 45 84
1 91 u
2 22 83
2 3 38
1 91 d
1 77 l
1 8 n
2 57 76
2 30 78
1 35 o
2 52 67
1 96 w
2 43 59
2 10 10
1 54 b
2 23 67
1 82 r
2 64 77
1 56 b
2 23 46
1 59 n
2 23 91
2 51 53
2 13 97
2 23 48
2 67 80
1 72 w
2 45 63
2 54 77
1 44 v
1 94 x
2 30 43
2 78 88
1 5 z
1 54 v
2 4 79
2 34 44
2 98 98
2 4 23
1 20 h
1 65 k
1 51 l
2 20 90
1 22 k
2 13 32
1 79 f
2 62 82
1 46 q
2 1 17
2 4 35
2 46 57
2 3 69
1 75 z
2 42 64
2 3 61
2 59 96
2 46 47
2 70 71
2 78 89
1 39 k
2 23 50
2 29 72
1 2 j
2 30 42
1 65 n
1 17 l
2 27 66
1 16 i
2 34 57
2 33 51
2 6 92
1 43 t
2 8 22
1 2 d
2 3 92
1 9 h
2 45 64
2 24 84
1 92 z
1 17 w
1 5 w
1 94 i
1 42 x
2 15 81
1 35 z
2 38 39
1 13 t
2 50 78
1 61 e
1 29 c
1 27 n
1 33 f
2 50 88
2 26 89
2 56 58
2 19 69
1 59 t
2 66 69
1 47 l
1 54 m
2 22 93
1 46 q
2 11 58
1 52 b
1 36 s
1 44 n
1 9 i
1 89 m
2 19 73
2 59 68
2 73 78
2 7 79
2 7 98
2 16 91
2 45 91
2 11 55
1 52 y
2 36 44
1 71 n
1 93 g
1 37 j
2 2 18
2 67 73
1 50 y
2 59 91
2 11 29
1 58 d
1 38 g
2 7 18
1 44 g
1 8 h
2 66 95
2 47 95
1 89 p
1 95 f
2 41 51
2 47 87
2 7 36
2 32 55
1 33 w
2 67 80
1 32 e
2 33 81
1 38 k
2 29 36
2 27 75
1 94 z
1 45 z
2 7 83
2 9 23
2 53 78
2 24 98
2 33 75
1 58 l
1 95 q
2 34 52
2 20 66
2 26 95
1 24 q
1 94 h
1 14 a
2 63 69
1 97 a
1 56 r
2 13 26
2 55 68
1 44 s
2 6 92
2 62 81
2 30 90
1 80 v
1 94 v
1 62 r
1 15 j
2 51 89
1 41 n
1 43 p
1 59 q
1 22 j
1 81 v
1 97 v
1 3 t
1 84 e
1 91 x
1 74 w
1 33 n
2 26 56
2 11 16
2 5 93
2 45 97
1 64 m
2 3 91
1 61 l
1 10 l
1 46 s
1 94 t
1 42 t
1 79 l
2 12 97
1 95 m
1 15 b
2 15 58
2 29 36
1 70 o
2 59 69
2 29 37
1 94 h
2 35 69
2 12 75
1 72 p
2 10 18
2 27 67
2 80 81
1 70 y
1 70 k
2 41 61
2 4 47
2 24 41
1 76 v
1 46 y
1 18 x
1 23 q
2 39 74
1 15 k
2 85 93
1 1 m
1 17 k
2 7 57
1 1 w
1 43 u
2 19 69
1 48 r
1 86 l
1 21 h
2 12 27
2 21 75
1 29 l
1 31 h
2 2 3
2 33 88
2 35 42
1 96 f
2 79 84
1 35 n
1 66 w
1 69 b
2 78 98
2 79 82
2 49 51
2 63 72
2 6 95
2 92 93
1 84 v
2 61 91
1 92 w
1 11 i
2 64 73
2 32 89
2 72 76
2 33 67
1 79 i
2 40 84
2 6 59
1 42 r
1 35 y
1 22 u
2 11 12
2 40 88
2 49 69
1 21 f
2 19 95
2 52 71
1 69 g
2 18 18
2 6 28
1 40 q
2 45 98
2 2 39
2 3 29
2 37 87
2 57 61
2 75 78
2 2 12
1 14 k
2 26 61
1 6 c
2 7 45
2 62 77
2 59 88
1 65 x
2 48 53
2 47 81
2 56 81
2 1 27
1 70 p
2 21 80
2 7 78
2 5 20
1 26 l
1 28 j
2 46 95
2 11 73
2 10 12
1 2 r
1 42 d
2 19 98
1 69 w
2 33 80
1 2 k
2 5 52
2 65 71
2 37 52
1 54 b
1 59 k
1 52 n
1 42 i
1 76 g
2 68 95
2 38 42
1 26 o
1 2 f
2 44 58
2 59 66
1 25 q
2 52 62
2 19 32
1 4 m
2 25 76
2 55 87
1 28 w
2 1 61
2 39 89
1 90 t
1 46 b
2 9 46
1 34 k
2 12 85
1 15 n
1 96 m
1 49 i
2 16 28
1 20 q
1 54 d
2 5 74
2 33 36
1 69 t
2 39 59
1 14 n
1 13 k
2 9 20
1 20 n
2 54 71
1 52 d
1 49 b
1 28 h
1 13 i
1 24 i
1 54 h
1 47 f
2 25 56
2 35 98
1 12 f
2 39 46
2 44 83
2 11 65
2 68 92
2 38 75
2 20 76
1 53 i
2 61 76
1 11 v
1 44 x
2 63 77
2 4 63
1 2 r
1 18 p
2 64 66
1 43 r
2 30 80
2 1 7
2 12 20
2 30 70
1 17 l
1 52 p
2 48 83
2 47 73
1 51 z
2 44 47
1 80 t
1 46 s
2 7 85
1 98 c
2 34 80
2 17 30
2 36 42
1 73 v
2 79 82
1 10 q
1 59 g
2 40 64
1 54 z
2 12 29
2 48 68
1 20 g
1 83 g
1 75 t
2 16 18
2 63 74
2 51 75
2 20 47
1 54 t
1 87 i
1 63 b
2 14 46
1 60 g
1 44 p
1 92 e
1 39 i
2 65 98
1 57 q
1 56 u
1 53 r
2 22 22
1 46 v
2 34 55
2 10 25
2 8 36
1 42 j
1 86 l
2 5 71
1 44 h
2 3 72
2 7 12
1 63 v
2 8 16
2 39 85
1 85 i
2 22 59
1 63 g
1 1 y
2 37 53
1 47 q
1 90 y
1 69 y
1 96 t
2 68 77
2 14 17
1 67 a
1 14 f
2 33 70
1 59 e
1 69 u
2 32 95
1 38 z
1 51 u
2 14 79
2 2 46
2 8 70
1 8 b
1 86 j
1 21 j
1 63 u
1 83 u
1 56 e
1 93 x
2 3 61
1 40 c
1 53 m
1 28 o
1 96 w
1 81 q
2 38 49
2 18 95
1 75 d
2 75 75
2 22 91
2 23 97
1 82 n
2 59 79
2 55 69
2 57 59
2 7 65
1 44 a
2 34 52
1 54 d
1 78 u
1 21 t
2 36 56
2 9 88
1 8 j
1 20 u
2 21 32
1 15 x
2 2 44
2 25 56
2 47 55
1 74 k
1 3 s
1 58 w
2 45 91
2 30 65
2 32 87
2 46 55
2 44 85
1 53 z
1 17 p
1 64 h
1 1 m
2 19 27
1 86 v
2 25 65
2 63 66
1 57 t
1 6 w
2 85 97
2 78 82
2 7 20
2 27 89
1 88 j
2 40 58
2 9 21
1 48 t
2 11 81
2 44 83
2 15 31
2 47 70
2 14 57
1 83 r
2 18 26
2 3 55
1 90 y
2 36 71
2 54 82
1 97 r
2 11 28
2 59 90
2 45 80
1 28 l
1 75 o
1 11 d
1 68 c
1 23 x
2 29 61
1 52 i
2 8 51
2 11 68
2 63 76
2 46 57
1 45 t
1 20 c
2 32 73
1 56 w
1 77 j
2 14 93
1 47 i
1 18 c
2 35 86
1 27 y
1 45 g
2 46 55
2 17 42
2 53 68
2 17 75
1 16 j
1 36 c
1 46 a
2 53 58
2 35 43
1 38 m
2 48 76
1 27 s
2 5 43
2 31 71
2 32 57
2 12 84
1 14 h
1 30 p
2 14 56
2 19 53
2 8 89
1 22 w
2 83 92
2 40 91
1 48 h
1 78 e
1 63 g
1 91 q
2 31 71
1 82 v
2 30 32
2 15 65
2 14 52
1 98 u
2 30 91
2 67 97
2 17 60
2 42 72
1 97 o
1 13 d
2 8 70
2 1 68
2 28 82
1 28 p
2 55 93
2 53 91
2 13 23
1 52 w
1 52 q
1 2 l
1 59 v
1 73 m
1 81 r
2 45 60
1 7 a
2 5 49
1 38 b
2 7 50
2 47 53
2 31 38
2 35 61
2 27 71
1 58 l
1 3 b
1 22 l
2 28 42
2 22 93
2 23 89
1 46 l
2 19 22
1 68 y
1 64 f
1 18 e
2 40 81
1 39 k
1 34 g
2 77 92
1 86 s
1 74 n
2 54 73
2 34 76
1 95 t
1 61 i
1 84 q
2 13 30
1 46 s
2 13 19
1 71 t
2 23 33
1 89 v
1 60 s
2 50 54
1 93 o
2 3 86
2 47 52
2 28 94
2 65 84
2 31 71
2 3 18
2 9 44
2 43 60
1 80 t
1 25 r
2 86 87
2 86 92
1 39 n
2 17 35
2 71 92
2 47 58
2 59 98
2 2 11
1 94 u
2 8 15
1 96 w
2 75 91
2 9 62
1 47 p
1 74 r
1 98 s
1 98 x
2 1 11
1 55 b
2 57 79
2 69 95
2 34 69
1 10 f
1 88 y
1 88 j
2 95 98
1 17 f
1 72 s
2 30 59
1 88 s
2 53 80
2 3 64
1 76 n
1 95 v
2 10 89
2 3 56
2 78 93
2 66 90
1 47 y
2 59 60
2 24 52
1 59 d
1 84 p
1 55 f
1 40 k
2 25 57
2 1 30
2 33 85
2 58 77
1 16 e
2 55 73
1 71 p
1 8 b
1 48 c
1 73 h
2 17 97
2 1 68
1 67 n
2 25 83
2 18 46
1 25 p
2 18 78
1 9 j
2 52 87
1 35 k
2 5 89
2 49 73
1 77 z
2 1 76
2 44 92
2 28 50
1 75 h
1 27 s
2 32 48
2 27 29
1 7 m
1 83 h
1 94 x
2 31 68
2 39 72
2 27 95
1 5 d
1 64 y
2 15 38
1 63 y
2 21 25
1 33 j
1 80 z
1 28 m
1 74 s
2 20 34
1 72 f
2 58 88
1 14 e
2 15 75
2 29 64
2 34 78
2 16 18
1 63 b
2 72 86
2 40 82
2 35 74
1 66 x
1 28 q
2 27 74
2 21 61
1 98 n
2 38 63
2 62 87
2 14 74
2 20 34
1 65 j
2 75 92
1 27 l
2 48 88
2 40 63
2 6 11
2 12 88
2 38 61
1 76 d
1 38 p
1 79 d
1 92 m
2 70 78
2 39 46
1 3 q
2 3 80
1 35 n
2 1 51
2 15 25
1 9 d
2 9 79
1 15 z
2 24 38
2 3 59
1 26 c
1 91 r
1 32 h
2 8 63
1 73 x
2 11 43
1 62 b
2 48 97
1 19 t
1 10 r
2 33 84
1 32 n
2 12 78
1 63 u
2 36 96
2 8 25
2 44 95
1 92 v
2 77 82
1 13 t
2 12 71
1 13 r
2 40 63
2 13 43
1 46 y
2 2 97
2 34 60
1 40 y
2 6 86
2 52 87
1 8 v
1 2 j
2 11 60
1 91 g
2 4 84
1 56 v
1 24 c
2 22 42
2 75 80
2 45 49
1 29 a
1 4 l
2 30 75
1 58 r
2 37 56
1 76 o
2 65 88
1 38 l
1 69 b
1 58 t
2 60 81
1 67 r
2 27 32
1 13 v
2 68 70
2 69 71
2 7 60
1 54 n
2 52 97
2 71 90
1 77 r
2 40 46
1 8 i
1 36 j
2 20 48
2 26 81
1 80 c
1 28 z
2 16 53
2 83 86
2 10 53
2 57 61
2 5 80
1 59 z
2 34 75
1 92 a
2 29 45
2 17 29
2 5 67
2 67 73
2 8 46
1 20 s
1 19 g
1 61 m
1 14 l
2 33 79
2 32 33
2 20 46
2 21 60
1 23 n
1 40 r
2 58 95
2 36 87
2 13 62
1 21 i
2 71 85
1 65 y
2 33 97
2 53 72
1 52 b
2 17 39
1 83 y
2 32 72
2 59 65
2 32 72
2 11 11
1 8 y
2 32 57
1 20 p
2 34 73
1 5 i
2 26 88
1 97 c
2 27 76
2 79 80
1 42 p
2 44 57
1 76 p
1 29 q
1 7 b
2 15 50
2 52 57
2 7 75
1 87 b
1 98 s
1 70 x
2 11 19
1 33 f
2 47 52
2 28 61
1 98 y
1 28 s
2 3 53
2 36 76
2 54 72
2 78 89
1 6 l
2 15 67
1 74 k
2 56 58
1 41 f
2 54 59
2 56 64
1 28 k
2 1 16
2 29 77
1 79 f
1 49 i
2 84 93
1 66 m
1 26 s
2 64 75
1 81 z
1 55 x
1 58 i
2 46 57
1 13 i
1 11 k
2 25 40
2 14 77
2 52 80
1 49 t
2 50 73
1 64 h
2 47 93
2 34 51
2 2 96
1 29 s
2 64 86
1 23 a
2 83 97
1 24 q
1 97 e
1 87 h
2 26 46
1 29 l
1 98 a
2 8 80
2 1 72
1 30 r
2 19 58
2 66 79
1 76 l
2 7 56
2 25 86
1 78 v
2 42 74
1 36 g
2 41 60
1 83 m
1 87 h
1 67 p
1 5 s
1 4 w
1 50 t
2 77 94
2 13 79
2 4 24
1 73 e
1 91 a
2 30 59
1 39 c
1 66 v
1 17 i
2 14 77
1 51 k
2 75 78
1 13 e
2 77 89
1 53 n
1 4 f
1 1 c
2 23 33
1 20 w
2 23 88
2 2 71
1 41 q
2 34 45
1 48 m
2 9 63
1 4 o
2 81 91
2 65 91
2 3 19
1 15 j
1 87 v
1 64 e
1 18 b
2 25 68
1 63 g
2 15 23
1 59 a
1 22 z
1 30 o
2 32 76
1 71 n
2 85 87
1 80 q
1 66 w
2 40 61
2 40 60
1 51 c
2 53 54
2 57 98
2 5 79
2 8 70
2 65 70
1 57 k
2 50 93
2 30 32
2 78 88
1 19 e
2 45 87
2 52 95
1 39 r
1 74 r
1 18 u
1 74 x
2 24 29
2 2 22
2 16 98
2 61 84
1 5 w
2 28 91
2 11 86
2 25 51
1 85 a
2 1 74
1 90 x
1 44 m
2 77 88
2 12 24
1 40 s
2 52 92
1 31 i
2 38 61
1 34 c
1 35 o
1 37 h
2 10 31
2 40 52
2 8 38
1 46 i
2 10 38
1 55 m
1 70 a
2 14 85
2 25 69
2 30 75
1 95 o
2 51 79
1 83 t
2 27 78
1 51 d
2 76 87
2 49 70
1 26 r
2 42 89
2 16 30
2 59 76
2 39 80
1 10 c
1 5 o
1 26 j
1 39 h
1 13 n
1 96 r
2 11 91
2 51 60
2 13 71
1 77 p
1 66 g
1 97 b
1 31 i
2 35 47
1 10 g
1 87 y
2 31 83
1 51 i
2 25 45
2 28 29
2 53 53
2 52 84
1 87 r
1 31 r
2 27 75
2 33 50
1 40 b
2 33 46
2 3 87
1 87 l
2 29 89
2 18 27
2 45 78
1 49 h
2 5 12
1 13 q
2 72 91
1 32 o
2 12 56
1 15 g
1 55 t
1 23 a
1 39 v
2 6 12
1 88 t
2 94 97
1 4 p
1 82 j
1 13 w
2 53 54
1 32 r
1 89 x
1 31 y
1 11 a
1 20 b
1 73 o
2 16 98
2 19 23
2 19 86
2 13 93
1 47 n
2 33 66
2 58 81
1 47 r
1 85 l
2 17 72
2 56 94
2 16 83
1 55 s
1 73 y
2 73 86
1 22 o
2 30 62
2 47 54
2 59 72
2 1 5
2 10 69
2 16 29
1 81 m
2 6 40
2 51 73
1 8 u
1 40 m
2 64 89
2 60 93
1 71 r
1 55 o
1 64 w
2 3 34
2 80 95
1 41 c
2 1 94
1 5 j
2 34 39
2 11 27
1 60 b
2 9 82
2 25 26
1 96 q
2 18 73
2 8 84
1 80 j
2 44 98
2 2 47
2 10 54
2 31 66
2 35 59
1 1 a
1 37 h
2 56 74
1 57 q
2 3 98
1 60 z
1 40 n
1 1 z
2 3 27
1 51 z
1 34 s
1 7 r
2 19 25
2 90 94
2 34 87
2 53 72
1 95 b
2 38 95
1 66 a
1 59 h
1 7 r
1 58 l
2 22 58
1 81 r
2 4 34
1 13 i
2 7 22
2 31 59
2 26 35
1 1 c
2 26 55
2 6 74
1 49 r
1 77 d
2 14 23
1 64 t
1 97 u
2 18 64
2 36 84
2 35 42
1 64 b
2 2 78
1 56 y
2 31 32
2 35 79
2 13 91
1 15 t
1 45 l
2 31 34
2 49 76
2 79 98
2 7 84
2 69 70
1 80 m
1 31 i
1 59 q
1 79 w
2 31 96
2 59 98
2 42 92
2 36 86
1 8 i
2 57 88
1 10 j
1 77 q
2 72 98
1 60 c
2 41 93
1 71 i
1 51 v
1 86 c
2 23 90
1 74 f
1 64 l
1 86 r
1 96 z
1 56 a
1 85 n
1 43 h
2 18 69
2 33 53
2 36 46
1 45 p
2 4 77
2 49 58
1 3 m
1 4 l
1 1 z
1 80 s
2 18 91
2 49 87
1 12 k
1 59 x
1 8 o
2 68 68
1 65 y
1 13 u
2 24 69
2 59 66
2 63 73
1 58 p
1 32 q
1 6 b
2 1 23
1 81 p
2 68 84
2 13 47
1 64 j
1 92 j
1 49 f
1 31 i
1 24 v
2 7 52
1 11 l
2 2 85
2 43 69
1 35 s
1 18 g
2 7 64
2 56 82
2 31 59
2 3 29
1 65 k
1 75 d
1 26 c
2 21 67
2 46 71
2 26 40
1 41 r
2 57 66
1 46 f
2 32 46
2 25 41
2 25 52
2 18 46
1 24 d
2 55 59
2 3 33
1 65 y
1 25 t
1 98 g
1 28 b
2 19 82
1 90 o
2 1 79
1 60 z
1 72 p
1 68 o
2 74 89
1 79 v
1 23 x
1 76 a
2 41 95
2 59 87
1 19 s
1 72 t
2 51 77
2 5 27
2 54 91
1 16 i
1 39 z
1 71 q
2 16 71
1 74 j
2 30 85
1 89 j
2 12 73
1 50 z
2 33 81
1 29 z
1 76 f
2 20 33
2 26 37
2 62 86
2 5 94
2 7 98
1 12 c
1 63 n
2 14 44
2 2 82
1 24 x
1 12 e
1 3 a
2 39 62
2 11 51
2 45 94
2 55 69
2 24 29
1 42 b
2 37 74
2 60 85
1 23 x
1 87 t
1 37 j
2 14 51
1 18 t
2 3 96
1 72 b
2 45 54
2 35 73
1 64 u
1 72 j
2 3 44
1 20 h
2 11 69
2 39 64
1 21 c
1 53 k
1 82 w
2 7 52
1 71 w
1 89 h
2 35 63
1 54 o
2 51 61
1 64 t
1 22 z
1 50 p
1 9 k
2 39 92
1 41 l
1 58 w
1 58 f
2 20 54
1 63 m
2 1 97
2 11 85
2 80 94
2 66 69
2 34 71
2 9 45
2 1 47
2 60 80
1 29 t
2 39 48
2 63 69
2 40 55
1 17 q
2 49 72
1 77 x
2 26 71
2 31 71
1 61 i
1 56 i
1 96 a
1 91 c
2 12 66
1 78 e
1 43 u
1 4 v
1 77 c
1 5 w
2 40 71
2 76 97
1 13 r
1 53 z
2 14 19
1 24 z
2 57 60
1 7 i
2 44 76
2 4 55
2 13 94
2 20 53
2 64 80
2 69 85
1 48 p
1 49 d
1 15 u
2 25 93
2 15 29
2 8 90
1 31 e
1 18 j
2 19 55
2 8 53
2 52 68
2 31 44
2 13 22
1 25 o
1 1 z
1 68 e
2 39 87
1 23 j
2 49 52
2 38 47
2 11 33
2 18 92
1 27 w
1 44 x
2 72 98
1 18 h
1 47 x
1 94 c
2 28 95
1 93 t
1 32 e
2 26 56
2 38 84
1 82 o
1 35 q
2 5 88
1 34 z
2 19 63
1 47 r
1 61 i
1 41 j
2 14 88
1 9 u
2 61 92
1 97 y
2 29 49
2 1 27
2 4 41
2 5 50
1 75 c
2 11 85
2 14 18
1 41 n
1 69 x
2 15 32
2 6 20
1 1 b
2 4 19
2 23 33
2 8 81
2 9 38
1 57 p
1 98 i
2 2 3
2 74 82
1 13 h
2 3 42
1 92 l
1 90 s
2 2 12
2 48 80
1 95 e
2 64 81
2 37 45
1 15 l
1 31 z
1 20 f
1 69 x
2 37 95
2 36 78
1 96 l
2 75 88
1 44 o
2 4 15
1 98 f
1 16 u
1 7 a
2 18 46
2 12 94
2 78 84
2 74 98
2 14 76
2 11 56
1 38 p
1 84 a
2 3 90
1 15 p
1 60 d
1 68 t
1 18 t
1 42 f
2 29 39
2 44 82
2 1 72
1 1 y
1 22 f
1 91 s
2 67 91
1 18 h
1 56 n
1 43 g
1 4 k
2 20 86
2 13 93
1 7 h
1 73 v
2 41 86
1 35 r
1 67 x
2 12 74
1 10 q
2 65 83
1 90 j
2 30 36
1 23 r
1 29 j
2 56 90
2 50 96
1 85 n
2 35 48
2 41 66
1 59 m
2 21 87
2 42 72
2 39 42
2 29 81
2 11 82
1 87 e
1 2 q
2 40 47
1 25 w
1 84 o
1 84 m
2 26 58
2 63 89
2 33 65
2 66 70
1 73 x
1 38 e
1 11 e
2 55 89
1 98 m
1 37 o
2 34 92
1 45 l
2 39 40
1 19 a
1 7 r
2 38 94
1 29 n
1 16 u
2 28 83
1 83 x
2 48 69
2 49 79
2 17 71
1 63 e
2 47 74
1 7 r
1 83 v
1 8 w
1 43 z
1 93 z
1 29 z
1 9 k
1 52 m
2 29 50
1 11 x
1 15 o
1 5 g
1 84 u
1 96 p
1 5 d
1 32 o
2 15 53
2 15 41
2 16 31
2 31 92
1 92 b
1 20 f
1 21 h
2 2 58
2 3 73
1 87 v
2 23 33
2 28 88
1 58 p
2 60 88
1 97 h
1 22 l
2 15 56
1 40 j
2 38 62
1 65 q
2 17 64
1 54 x
2 32 54
2 17 28
2 26 48
1 34 a
1 2 y
1 92 x
2 78 82
1 38 w
1 54 m
2 3 58
2 54 79
2 62 66
1 28 h
1 20 i
2 43 96
1 42 b
2 24 35
1 20 o
2 35 41
2 15 43
1 28 g
1 12 y
2 61 98
2 23 24
1 47 t
1 35 z
2 39 44
1 36 h
2 39 50
1 51 u
1 98 y
2 3 30
2 47 92
1 31 w
2 37 98
2 66 94
2 4 19
1 22 y
2 46 68
1 98 n
2 65 74
1 63 t
2 50 94
2 18 80
1 28 y
1 41 h
2 34 43
1 90 n
2 28 96
2 34 87
2 52 92
2 10 29
2 5 7
2 32 55
2 9 70
1 98 o
1 18 v
2 95 96
1 59 o
1 62 m
2 22 79
2 63 85
2 48 64
1 93 i
2 19 80
2 40 58
1 62 o
2 1 62
2 4 47
2 9 92
1 4 o
1 93 e
2 19 87
1 65 n
1 72 y
2 64 95
2 4 74
1 89 z
1 90 r
2 37 62
1 63 j
1 57 f
2 63 86
1 90 w
2 1 19
2 29 65
1 78 c
1 72 h
1 76 w
2 96 98
2 18 42
1 77 n
1 39 e
2 2 39
1 63 t
2 17 81
1 80 w
1 93 x
1 31 s
2 1 38
2 38 79
1 32 x
2 40 48
2 55 78
2 87 96
2 49 61
1 1 q
1 86 r
1 76 x
1 94 h
2 36 38
2 61 96
1 21 b
2 56 67
2 36 47
1 37 x
1 76 u
1 21 e
1 44 w
1 68 g
2 22 75
2 6 69
1 28 b
1 15 r
1 50 c
1 62 h
1 10 a
1 89 q
1 27 q
1 45 c
1 52 x
1 17 o
1 31 z
1 10 r
2 15 96
2 50 73
2 53 58
2 30 38
2 33 40
2 64 68
2 61 77
1 27 m
1 87 v
2 4 70
1 88 r
1 89 c
2 4 11
1 35 v
2 42 86
1 41 r
1 58 s
2 47 67
1 84 w
1 3 c
2 3 29
2 47 70
2 19 66
2 94 97
1 2 a
1 52 v
2 17 60
1 68 f
2 80 83
2 84 96
1 88 c
2 1 71
1 63 i
1 51 r
2 19 77
2 20 90
1 33 d
1 11 y
1 15 j
1 25 a
2 76 76
2 64 79
2 15 67
1 88 h
2 6 83
2 30 33
1 38 y
1 80 u
1 10 k
2 18 23
1 3 b
1 13 f
1 54 l
2 54 76
1 50 v
2 44 44
2 77 87
1 14 i
2 58 73
1 1 j
2 58 58
1 71 v
1 40 w
2 69 92
2 22 43
2 27 90
2 7 37
1 45 o
1 71 b
2 25 56
1 83 j
1 8 b
1 80 l
2 23 64
2 18 51
2 8 19
2 49 87
2 64 96
2 69 76
1 22 c
2 33 46
1 29 b
2 42 86
1 24 a
2 26 94
1 64 k
1 17 s
1 21 n
1 21 u
1 93 k
2 23 42
1 46 q
1 58 p
2 57 68
1 14 p
1 39 r
1 43 g
2 59 66
2 29 67
1 81 e
2 55 96
2 25 63
1 68 w
1 24 k
2 41 82
2 21 56
1 25 n
2 8 84
1 57 m
1 91 n
1 27 o
1 75 e
1 38 s
2 10 14
2 19 89
2 10 68
1 70 e
2 23 69
2 18 96
1 29 g
1 25 m
1 26 u
1 56 j
2 35 97
2 56 69
2 52 79
1 5 d
2 74 98
2 3 55
1 75 s
2 26 64
2 61 79
2 61 76
1 88 e
2 9 90
2 8 14
1 37 r
2 77 91
2 65 79
2 88 93
1 61 f
2 54 59
2 15 46
1 31 p
2 49 52
1 94 h
1 36 p
2 43 71
1 45 o
2 86 87
2 30 87
1 12 q
1 34 o
2 14 86
1 65 f
2 44 97
2 2 51
1 18 m
2 55 72
2 14 84
1 80 k
1 67 d
1 10 t
1 74 p
2 73 97
2 4 6
2 67 87
2 81 85
1 82 t
2 15 38
2 63 89
1 56 o
2 78 93
2 20 26
1 85 q
1 89 o
1 88 c
1 25 r
2 5 53
1 16 j
2 75 96
1 9 a
2 25 73
2 45 59
1 74 k
1 7 m
1 71 h
2 83 97
1 39 t
2 6 51
1 30 m
1 47 a
2 20 79
1 29 y
1 55 g
1 74 f
1 21 f
2 40 53
1 53 j
2 16 89
2 7 65
1 89 w
1 10 x
1 49 g
1 35 o
1 83 m
1 36 e
1 80 j
2 38 39
1 34 v
2 81 85
1 8 m
1 59 l
2 26 77
1 16 x
2 48 92
2 69 73
2 29 68
1 90 o
1 24 a
1 31 t
1 38 a
2 56 93
2 61 94
1 92 q
2 80 85
1 8 z
2 38 91
1 97 v
1 98 q
1 17 h
1 47 w
1 33 j
1 5 r
1 12 y
1 5 y
1 87 o
1 67 v
2 7 16
2 14 77
1 9 x
2 32 95
1 92 k
1 91 w
1 53 f
1 38 n
1 8 q
2 2 30
2 6 34
1 7 w
1 63 y
1 10 m
1 35 r
2 34 40
1 50 m
1 6 p
1 65 y
2 61 62
2 68 92
2 60 79
2 69 80
1 18 w
1 94 s
1 83 n
1 28 u
2 3 5
1 95 o
1 9 i
2 25 61
1 25 h
1 66 j
1 96 q
2 35 43
1 55 b
1 17 l
2 3 6
2 7 10
2 4 81
2 2 92
2 56 59
1 44 n
1 98 y
1 98 j
2 3 71
1 88 o
1 1 a
1 13 v
2 7 49
2 31 64
2 70 92
2 21 41
2 15 28
1 79 o
1 65 p
2 17 92
2 26 75
2 35 59
1 19 t
2 2 75
1 30 y
1 82 i
2 74 88
1 90 o
2 24 80
1 76 t
1 61 e
1 14 g
2 65 69
2 1 66
1 12 z
1 53 w
2 39 90
2 9 86
1 66 e
1 89 s
1 71 q
1 51 r
2 58 87
1 61 t
1 51 k
2 23 71
2 22 96
1 59 c
1 36 g
1 88 q
2 21 83
2 26 81
1 62 i
2 14 21
1 93 h
2 21 24
2 76 85
2 83 84
2 6 58
2 36 56
1 84 g
1 96 t
1 4 a
2 9 85
2 16 34
1 84 j
2 19 44
2 51 86
1 28 v
2 37 73
1 5 i
1 90 u
2 30 49
1 87 m
1 88 n
1 67 u
2 88 91
2 18 87
2 39 57
2 35 45
1 91 u
2 1 31
2 12 97
2 32 53
2 49 86
1 2 l
2 1 14
1 60 m
1 77 s
1 2 h
1 1 x
2 6 19
1 40 k
1 53 m
1 53 q
2 38 48
1 84 o
2 3 27
1 66 y
2 65 90
2 60 91
1 95 a
1 10 g
2 20 65
1 94 v
1 12 u
1 91 e
1 88 s
1 66 y
1 67 w
1 27 a
1 32 t
2 77 98
2 7 32
1 22 k
2 11 17
1 85 q
2 14 74
1 36 s
2 14 54
2 4 10
1 4 x
2 13 72
1 48 i
1 64 b
1 28 z
1 23 h
2 47 79
1 75 b
2 25 69
1 14 m
2 43 49
1 64 a
1 96 v
2 30 66
2 16 38
2 38 52
1 53 t
2 40 65
2 19 67
1 42 x
1 14 y
2 5 64
1 98 l
1 57 n
2 29 53
2 21 96
2 38 90
2 12 51
2 5 7
1 32 m
2 78 92
1 68 f
1 35 o
2 28 82
2 1 16
1 92 x
1 76 k
2 57 60
2 25 52
2 33 60
1 49 m
2 58 60
1 35 v
2 9 20
1 56 v
2 11 55
2 58 90
1 18 k
2 18 85
1 83 w
1 29 t
2 47 93
1 37 z
1 74 u
1 89 i
1 64 z
1 47 w
1 7 t
1 97 i
1 20 c
2 11 90
2 24 70
1 94 m
2 85 93
1 53 c
1 7 a
2 36 87
1 91 r
2 58 71
2 45 81
2 48 50
2 58 92
2 62 68
2 15 31
2 10 20
2 60 62
2 10 67
2 20 87
2 12 14
2 45 81
1 94 z
2 32 55
2 9 52
2 32 40
2 29 87
2 40 59
2 14 78
2 7 27
1 30 w
2 9 70
2 25 83
2 69 98
2 18 70
2 62 82
1 44 j
1 29 h
1 21 h
1 73 x
2 69 85
2 11 85
1 59 u
2 53 97
1 23 n
2 40 95
2 34 44
2 35 39
2 31 56
2 40 95
2 64 85
1 11 k
2 34 91
2 72 76
2 64 95
1 47 w
1 69 h
2 17 48
2 41 90
2 52 78
1 66 z
2 12 48
2 15 27
1 72 c
2 46 70
2 1 62
2 15 37
1 64 x
1 71 i
2 5 32
1 22 w
1 17 z
2 94 98
2 37 49
2 66 98
1 26 i
2 18 52
1 50 g
1 79 i
1 18 u
2 8 83
2 1 83
2 59 68
1 50 k
2 28 64
2 60 95
1 14 s
2 15 70
2 34 51
1 3 f
1 58 l
2 38 77
1 9 m
2 56 80
1 1 x
2 44 51
1 64 q
1 8 k
1 48 e
2 11 54
1 14 p
2 65 91
1 64 n
2 42 54
2 63 79
2 58 87
1 27 y
1 44 z
1 86 v
1 17 d
1 27 v
1 45 c
2 17 79
2 51 68
2 51 97
2 44 60
2 15 51
2 48 60
1 88 a
1 85 x
1 26 a
1 69 f
1 37 f
1 52 b
1 37 j
1 65 g
1 14 z
1 61 t
1 12 u
2 27 86
1 68 n
2 69 76
2 22 23
1 80 k
1 53 e
2 36 96
1 88 l
1 71 g
1 83 s
2 68 76
2 21 94
1 44 w
2 11 63
1 11 f
2 43 55
2 64 90
2 68 81
1 84 m
2 5 44
2 31 64
2 19 22
2 55 79
2 14 24
1 31 o
1 68 b
1 21 e
1 89 m
1 64 c
2 56 62
1 97 j
2 40 48
2 21 87
1 21 b
1 75 b
1 8 t
1 91 g
2 42 98
1 88 t
1 70 y
1 63 z
1 29 j
2 57 82
1 5 p
2 34 92
1 86 y
1 14 b
1 63 a
2 14 33
1 93 p
1 60 a
1 59 g
1 69 f
1 70 e
2 40 80
1 90 q
1 67 o
2 4 81
2 35 92
1 68 p
2 76 81
2 32 86
1 58 n
1 94 x
1 27 o
2 64 83
2 16 63
2 41 85
1 26 n
2 13 42
2 33 88
1 72 a
2 18 61
1 45 v
2 29 53
2 14 90
2 18 58
1 88 e
1 5 o
2 49 63
2 87 93
2 2 33
2 64 90
1 48 h
1 19 o
1 84 l
1 40 w
1 46 d
1 98 m
2 19 93
2 22 77
2 28 30
1 1 p
2 56 77
1 12 u
1 76 h
1 24 x
2 41 92
2 21 86
1 74 a
2 89 94
1 53 l
2 40 76
1 26 s
1 79 z
1 97 h
1 80 u
1 61 l
1 22 n
2 4 37
2 15 80
1 43 x
2 13 58
1 18 v
2 15 40
1 86 y
1 58 f
2 10 63
2 44 72
1 96 k
1 15 p
2 41 58
2 25 65
2 20 45
1 97 l
1 31 f
1 81 l
2 4 31
2 12 20
1 17 k
1 39 a
1 27 f
2 36 39
2 15 94
1 87 s
1 78 g
1 16 y
2 2 13
2 35 78
1 35 o
1 54 s
1 88 q
1 92 h
2 33 38
1 73 d
2 39 51
2 12 68
1 55 z
2 27 62
2 14 25
2 11 81
1 86 v
1 52 v
2 47 59
1 71 y
2 26 40
2 92 97
1 96 n
2 46 64
1 96 w
1 19 c
1 95 v
1 49 q
1 97 v
1 47 n
2 85 91
1 62 d
1 89 i
2 18 64
2 85 94
1 25 y
2 5 34
1 81 w
1 60 p
1 2 g
2 53 54
2 14 76
2 20 96
1 33 q
1 6 x
2 35 73
2 35 67
1 31 v
2 22 23
1 79 f
2 73 82
1 38 l
1 48 v
2 22 83
2 27 88
2 48 82
2 80 89
1 18 r
1 84 m
2 9 11
1 88 b
2 6 24
1 90 z
1 43 n
1 6 g
2 22 48
2 6 7
2 32 72
2 7 97
2 14 42
2 11 16
2 5 10
1 15 u
1 57 q
2 67 96
1 56 u
1 32 d
1 68 j
1 63 b
1 10 o
2 55 78
2 73 96
2 46 92
2 3 43
1 23 e
2 51 81
1 87 a
2 31 63
1 45 s
2 48 76
2 9 53
1 31 c
1 54 c
2 3 33
2 20 82
2 22 62
1 65 s
2 34 54
1 85 o
2 21 32
2 49 54
2 6 51
2 20 42
2 37 84
2 55 58
1 70 f
2 53 62
2 64 70
1 35 v
2 36 73
1 14 a
2 1 5
1 55 l
2 54 85
2 54 58
1 95 n
2 12 29
1 34 q
1 60 k
1 59 d
1 7 p
1 69 u
1 3 b
1 5 y
2 51 72
1 33 d
1 29 g
2 1 56
2 60 87
1 56 v
1 61 i
1 40 v
1 56 z
2 6 72
1 98 y
1 88 p
2 18 93
2 74 83
2 21 39
1 92 q
1 45 z
1 45 m
2 20 66
1 90 p
2 13 29
1 65 x
2 4 48
1 14 i
1 17 z
1 35 k
2 12 81
1 91 y
1 24 h
1 2 j
2 50 76
2 16 28
1 43 q
2 75 87
2 38 47
2 4 24
2 58 89
1 46 f
2 2 53
2 6 21
1 64 a
1 76 i
2 61 97
2 51 74
1 77 l
2 45 85
2 51 71
1 88 y
2 1 59
2 9 37
2 67 94
1 23 e
2 11 96
2 18 95
1 38 v
2 42 65
2 68 90
2 7 59
2 33 56
2 3 94
2 32 56
2 29 98
1 46 z
1 12 c
2 39 72
1 5 b
2 1 56
2 49 69
2 76 80
2 12 19
1 91 m
2 10 72
2 6 9
1 66 g
2 31 91
2 14 40
1 96 n
2 4 20
2 84 84
2 30 38
2 41 82
1 72 u
2 71 97
2 28 72
1 19 w
2 32 78
1 73 j
2 41 58
1 24 k
1 8 m
2 67 85
1 26 f
2 55 67
2 47 56
1 31 y
2 79 82
1 23 l
2 6 39
2 92 95
2 2 18
1 62 c
1 66 n
1 17 y
1 72 r
1 96 m
2 15 40
1 44 k
1 89 g
1 62 k
1 85 a
2 36 91
2 78 79
2 37 61
2 75 93
1 77 u
1 77 y
1 64 r
1 91 a
2 42 56
2 20 29
2 18 78
1 58 h
1 9 q
1 11 q
1 36 f
2 66 69
2 26 81
1 60 n
2 73 81
1 36 n
1 32 b
1 58 m
1 68 p
2 51 71
2 48 86
1 18 y
1 26 t
2 96 98
2 55 97
2 2 80
2 85 89
1 31 t
1 19 x
2 2 46
2 64 85
1 54 r
2 73 80
1 94 t
1 13 a
2 37 89
1 76 r
1 61 y
1 10 k
2 78 93
1 28 s
2 40 46
1 7 v
2 24 68
1 38 u
2 39 52
1 55 s
2 2 73
1 97 i
2 44 94
2 19 75
2 4 87
2 48 66
2 76 78
2 37 81
2 32 44
2 33 67
1 89 n
2 1 47
2 26 30
1 22 o
1 65 n
2 19 58
1 64 m
1 37 z
2 5 34
2 16 75
2 41 96
1 93 v
1 73 k
2 44 49
2 25 58
2 65 91
2 32 97
1 10 r
2 15 57
1 91 i
1 70 c
2 27 89
1 70 n
2 13 26
1 74 x
2 2 9
2 26 27
2 39 73
1 37 j
1 86 d
1 62 i
1 64 i
2 40 50
1 35 f
1 30 x
2 16 94
1 12 i
2 42 67
2 21 65
2 52 68
2 70 81
2 46 61
1 8 g
2 45 85
1 19 c
2 65 98
2 69 72
1 94 h
2 55 74
2 16 53
2 7 19
2 1 78
2 44 74
1 51 f
1 41 p
2 41 66
2 14 51
2 39 55
2 25 57
1 52 p
1 80 g
2 34 93
1 32 y
1 67 y
2 5 64
2 4 34
1 76 v
1 49 s
2 44 54
2 40 84
1 7 k
2 15 97
2 2 28
1 88 u
1 93 k
1 68 x
1 65 i
1 80 v
1 46 h
1 15 l
2 25 49
2 62 84
2 26 33
2 30 32
2 14 42
1 91 z
2 23 58
2 50 92
2 65 74
1 76 a
2 3 62
1 94 p
1 11 a
1 61 o
1 48 w
2 9 45
2 19 33
1 64 f
2 10 78
1 29 n
1 10 l
2 78 85
1 57 f
1 67 t
2 19 82
2 34 71
2 8 90
1 71 a
1 39 r
2 45 60
1 50 u
2 44 81
1 50 i
2 5 85
2 47 98
1 81 w
1 75 y
1 68 n
2 42 74
1 42 c
2 32 42
1 60 w
2 12 80
2 28 61
1 50 x
1 61 n
2 45 76
1 17 j
1 6 e
1 27 h
2 19 35
2 17 40
1 54 x
1 94 q
2 30 89
2 4 42
2 18 93
2 43 94
1 71 y
2 73 88
2 29 48
2 36 65
2 12 22
2 2 3
2 7 83
2 29 81
1 20 s
2 37 40
2 29 66
1 76 v
2 9 55
1 60 l
2 5 81
1 61 p
2 25 37
1 88 n
1 82 o
1 11 c
2 22 60
1 12 c
2 84 92
1 58 h
2 2 48
2 34 77
2 6 87
1 89 e
2 72 86
2 23 37
2 63 71
1 34 r
1 87 x
2 38 46
1 21 q
1 50 a
1 29 i
2 12 30
2 83 88
2 30 83
1 21 z
2 69 74
1 7 u
1 65 p
1 71 u
2 69 91
2 6 57
2 3 66
2 35 55
1 20 i
2 61 83
2 1 69
1 39 t
2 15 28
2 53 56
2 4 17
1 82 g
2 2 20
2 54 57
2 39 75
2 10 89
1 4 r
2 34 72
1 79 y
2 15 61
1 40 z
1 52 j
1 22 f
1 7 u
1 78 y
2 53 63
1 43 p
1 75 n
1 9 c
2 44 92
2 72 78
1 8 d
1 12 y
1 76 c
2 48 76
2 53 62
2 37 76
2 87 94
1 19 r
1 13 p
1 10 w
2 29 37
1 1 z
1 92 n
1 9 h
2 17 28
1 68 x
1 39 w
1 95 y
2 3 93
1 32 z
1 59 q
2 52 94
1 10 l
1 48 a
2 19 73
1 26 b
1 45 e
2 45 54
2 10 40
2 23 57
2 27 60
1 68 j
2 16 17
1 59 j
2 22 26
1 7 k
1 50 b
2 3 19
2 29 94
1 45 d
1 92 b
1 18 a
2 32 69
1 32 f
1 69 d
1 16 u
1 21 r
1 81 f
1 93 j
1 16 l
1 55 b
2 87 96
2 47 53
2 29 68
2 21 79
1 56 o
2 19 50
2 26 28
2 19 37
2 16 73
2 12 61
2 45 82
2 13 78
2 50 87
1 14 e
2 15 88
1 34 f
2 49 81
2 56 63
2 45 56
1 17 g
1 61 b
2 36 60
2 83 95
1 79 s
1 29 w
1 56 b
2 33 38
1 38 b
2 29 53
2 15 82
2 21 94
1 75 s
2 31 88
1 80 b
1 57 s
1 54 i
2 32 55
2 29 88
1 42 m
1 64 d
1 44 h
1 9 r
1 81 c
1 67 k
1 24 k
1 9 b
1 61 i
2 16 47
1 45 y
1 24 e
2 46 47
1 5 d
1 49 j
2 44 54
2 5 14
1 56 z
1 90 o
1 3 j
1 55 b
2 4 20
1 94 n
1 94 s
2 46 54
1 39 u
1 21 x
2 7 50
2 11 13
2 39 70
1 62 r
1 33 l
1 75 q
2 21 53
1 88 d
2 8 72
1 97 l
1 37 c
1 71 q
2 12 27
2 44 80
2 66 79
2 6 37
2 38 82
1 22 g
2 5 16
2 42 60
2 1 80
1 59 o
2 1 66
1 34 r
2 40 68
1 7 u
1 74 f
1 18 l
2 34 58
1 58 l
1 45 p
2 6 39
1 40 i
1 93 a
2 27 64
1 71 x
1 97 c
2 22 96
2 6 28
2 61 92
1 93 x
1 40 y
2 52 64
1 42 p
1 80 x
1 33 z
2 17 86
1 96 r
2 23 57
2 46 77
1 71 t
2 32 90
1 49 k
2 76 86
1 79 e
2 3 98
1 48 e
2 25 53
2 82 98
2 34 53
1 15 z
2 19 32
1 44 w
2 19 20
2 39 45
2 50 81
1 64 r
1 52 q
2 78 89
2 37 87
1 97 a
1 24 q
2 12 70
1 98 n
2 6 88
1 45 u
2 21 81
2 75 90
2 33 41
2 24 45
2 6 84
1 36 n
2 78 87
1 62 z
1 80 a
2 63 80
1 3 c
1 54 k
2 54 81
1 30 e
2 11 34
2 15 49
2 47 73
1 26 f
1 68 t
1 63 s
2 59 67
1 16 p
1 67 a
2 7 94
1 82 k
2 33 40
2 57 73
1 48 m
1 31 s
2 23 25
2 2 38
1 44 y
1 44 u
1 28 z
2 13 86
1 16 i
2 59 84
2 24 60
1 65 k
2 32 48
2 29 69
2 20 34
2 19 77
2 22 42
1 98 u
2 33 44
2 27 71
1 39 o
1 3 d
2 16 28
1 64 y
2 24 74
1 37 f
2 17 95
1 36 h
1 44 c
1 6 u
1 34 b
2 37 64
2 5 34
2 5 71
1 4 f
1 25 i
2 37 72
2 49 95
2 10 98
1 36 s
1 72 b
2 38 81
2 15 31
2 93 98
2 39 74
2 1 25
2 1 89
1 34 e
1 90 t
1 74 b
1 75 a
2 20 27
2 42 84
2 76 77
1 63 t
1 83 r
1 27 w
1 57 l
1 19 n
2 4 16
2 4 89
2 65 76
1 19 m
1 57 s
1 26 i
1 83 w
1 4 k
1 51 i
1 23 c
1 54 m
2 92 98
2 28 39
2 3 40
1 79 k
2 57 95
1 21 b
1 2 e
2 36 41
2 15 17
2 28 73
1 12 d
1 81 x
1 94 z
2 8 85
2 9 88
2 38 87
2 85 85
2 27 87
2 6 56
1 57 r
1 82 n
2 12 43
1 94 c
2 11 29
2 62 91
1 7 c
2 71 81
1 45 u
1 57 v
1 82 a
2 35 86
2 25 31
1 51 d
1 52 d
1 85 o
1 50 u
1 84 w
2 18 68
2 50 51
1 90 l
1 64 a
1 84 a
2 20 79
1 61 n
1 14 j
1 72 p
1 58 s
1 58 d
1 55 i
2 28 64
2 11 75
2 14 30
2 60 77
1 63 i
1 23 b
2 7 89
1 20 j
1 72 n
1 55 y
2 25 87
2 31 36
2 12 96
1 96 j
2 46 86
1 95 z
2 9 14
1 19 a
1 35 y
2 15 79
2 17 63
1 62 j
1 4 y
1 4 o
2 16 65
1 25 i
1 81 t
1 87 r
2 33 58
2 22 34
2 31 56
1 53 h
2 10 96
2 19 22
2 13 68
2 47 67
2 21 55
2 4 39
1 64 h
1 49 z
2 18 86
2 9 19
1 21 g
2 24 53
2 73 82
1 36 d
1 72 k
1 84 c
2 17 72
2 52 75
2 85 95
2 1 79
1 98 g
2 30 91
1 31 e
1 80 o
1 14 p
1 59 i
2 77 88
1 55 n
1 20 l
2 76 98
2 57 67
1 51 q
1 78 a
2 55 60
2 83 86
2 2 89
2 4 82
1 29 f
1 76 m
2 45 71
2 14 62
1 2 t
1 69 q
2 65 77
1 73 w
1 89 y
1 82 b
2 11 93
2 35 66
2 2 28
2 10 39
2 59 89
2 27 95
2 33 73
2 23 72
1 41 t
2 58 70
2 6 85
1 75 g
2 3 62
2 26 64
1 25 e
1 4 s
1 59 q
1 47 r
2 55 70
2 19 22
1 8 e
1 72 j
1 96 k
2 48 64
2 2 67
1 15 r
2 68 80
2 61 87
1 3 u
1 13 i
1 3 j
1 40 c
2 49 59
1 37 w
1 25 p
1 25 b
2 25 75
2 27 74
2 23 40
2 28 34
1 45 a
2 36 41
2 17 89
1 7 p
1 48 h
1 48 y
1 98 o
1 60 w
1 13 p
2 7 60
1 68 n
2 28 51
1 91 n
2 10 80
2 49 76
1 21 m
2 22 80
2 14 73
2 44 79
2 40 82
1 90 l
1 47 g
1 89 l
2 4 16
2 42 56
2 56 63
2 9 74
2 26 59
2 11 23
1 36 t
2 15 94
1 87 g
1 43 r
1 92 t
2 3 79
1 57 r
1 8 p
2 5 45
2 53 64
1 47 j
2 50 57
2 55 64
2 7 91
2 41 83
1 13 k
1 61 p
2 34 41
1 38 u
1 46 m
2 4 52
1 58 s
1 60 l
2 41 62
2 40 94
2 53 55
2 21 27
2 28 56
2 11 31
2 42 96
2 18 38
1 8 b
1 49 e
2 26 84
1 9 n
1 47 a
1 5 j
1 36 i
2 51 70
1 33 r
1 8 a
1 24 f
2 26 46
2 8 38
2 46 61
1 6 t
2 29 93
2 5 19
2 16 81
2 42 63
2 12 33
1 17 l
1 41 r
1 81 g
2 11 86
1 1 q
2 6 42
1 31 z
1 49 x
2 30 55
2 15 84
1 27 f
1 46 m
2 20 90
1 49 r
2 1 71
1 96 b
1 59 m
1 35 y
1 32 m
1 98 a
2 18 21
2 53 68
1 18 t
2 30 97
2 77 84
1 20 l
2 19 55
2 22 81
2 52 77
2 41 68
2 26 42
2 44 51
2 68 82
1 5 z
1 31 z
2 73 88
2 10 72
2 25 92
2 43 68
2 12 97
1 25 t
2 54 57
2 5 93
1 33 q
1 18 i
1 46 w
2 71 94
2 85 96
2 31 85
2 18 72
2 8 98
2 2 80
1 8 g
2 46 60
2 21 48
1 9 c
1 90 u
1 35 k
2 12 82
1 46 i
1 18 r
2 7 48
2 49 50
2 52 53
1 80 c
2 71 78
2 41 57
1 64 k
1 25 d
2 59 86
1 25 h
2 29 76
2 29 30
2 30 86
2 77 91
1 48 f
2 2 71
1 92 j
2 35 41
2 30 76
2 1 33
2 57 75
1 23 n
2 5 40
2 1 27
2 26 71
1 33 t
2 62 67
1 3 q
1 98 k
2 12 38
1 25 o
1 46 w
2 53 79
2 8 43
1 73 x
1 79 w
1 72 h
2 4 7
2 51 56
2 33 85
2 27 48
1 97 o
1 72 s
2 13 66
1 74 z
1 68 i
2 13 80
2 42 67
1 6 g
1 64 o
2 89 96
2 61 73
2 3 28
1 1 i
1 17 v
2 35 62
2 10 48
1 33 u
1 41 l
2 49 63
2 2 22
2 1 36
2 34 42
1 22 r
2 20 60
2 26 93
1 98 b
2 59 68
1 62 i
2 9 12
2 39 78
1 32 k
2 40 69
1 62 h
2 67 91
2 37 81
2 81 96
1 96 t
2 29 33
2 77 86
1 29 z
1 4 d
1 21 i
2 32 94
2 4 62
2 2 67
1 91 x
1 21 d
2 46 86
2 21 67
2 8 63
1 50 a
2 49 57
2 64 77
1 15 d
2 47 82
2 42 69
2 68 84
2 65 70
2 9 53
1 53 r
2 1 92
1 37 r
2 7 12
2 22 38
1 76 s
1 36 x
1 63 f
1 90 k
1 97 z
1 22 x
2 11 78
1 67 w
2 67 68
1 67 q
2 27 40
2 83 98
2 48 73
1 2 h
1 74 s
1 94 o
2 45 50
1 56 z
1 82 l
1 85 d
2 43 62
1 41 r
2 5 97
2 42 86
1 41 l
1 52 s
2 29 79
1 47 r
2 24 47
1 42 w
2 53 64
2 24 76
1 23 o
2 92 98
2 24 25
1 18 x
1 4 m
2 30 98
2 23 97
2 17 92
1 89 i
2 39 72
2 25 92
2 9 70
2 31 51
2 22 49
1 4 w
2 5 13
1 86 z
2 18 33
2 52 77
1 90 q
2 12 65
2 11 15
2 23 52
2 19 88
1 52 w
1 1 s
1 26 f
1 12 c
2 52 57
1 54 a
1 14 p
1 73 i
2 22 28
1 79 w
1 73 q
2 13 75
1 90 n
1 24 h
1 4 n
2 29 76
1 51 j
2 21 37
2 12 79
2 32 90
2 4 8
2 27 71
2 87 97
1 10 e
2 69 91
1 3 y
2 43 63
1 43 t
2 69 80
1 25 u
2 54 61
1 52 b
1 55 d
2 34 52
1 1 a
2 61 62
2 33 68
1 38 k
2 27 78
1 41 m
1 4 x
2 12 23
1 2 e
2 59 70
1 31 x
1 87 l
1 88 q
2 62 67
2 62 76
2 8 37
2 48 69
2 54 98
2 23 29
1 24 g
2 54 78
2 23 53
2 53 68
1 97 l
1 22 g
2 1 17
2 4 64
1 93 o
2 15 43
1 47 v
2 48 69
2 81 97
2 90 96
1 65 f
2 88 94
1 10 b
2 14 63
1 58 n
2 39 70
1 51 h
2 17 91
2 3 6
1 77 q
1 50 p
1 69 d
1 33 m
2 40 67
1 19 f
1 19 w
1 9 n
2 22 26
2 16 34
1 22 t
2 39 62
1 22 y
2 80 91
2 84 85
2 9 22
1 43 a
2 84 89
2 65 74
2 22 42
2 32 87
2 67 69
1 49 a
2 40 83
1 6 f
1 28 v
1 20 f
1 34 y
1 84 k
1 84 g
2 43 81
1 8 z
1 65 c
2 60 77
2 20 75
1 36 p
2 10 44
1 80 q
1 32 c
1 40 f
2 22 25
2 55 89
2 1 38
2 47 86
2 21 87
1 92 k
2 33 68
2 32 39
2 15 97
2 15 29
2 34 50
1 74 l
1 64 a
1 32 l
1 72 p
1 58 y
1 30 f
1 95 a
1 98 y
1 42 c
1 51 y
2 4 68
2 42 51
1 38 p
2 59 63
1 37 l
2 5 56
2 13 98
1 49 f
1 63 j
1 51 y
2 6 69
2 35 72
1 30 e
2 3 89
2 49 56
1 51 s
1 24 z
2 4 92
1 15 i
1 3 x
1 26 q
2 88 93
1 85 w
2 15 86
1 71 r
2 57 95
1 34 g
2 53 59
1 12 g
1 19 s
1 83 n
1 36 o
2 5 97
1 21 x
2 96 97
2 10 58
1 36 t
1 80 n
1 82 w
1 72 f
2 37 65
1 78 v
1 69 o
1 41 q
1 56 j
1 1 u
2 68 71
2 33 50
2 34 63
2 12 65
1 26 l
1 42 o
2 23 79
1 27 i
2 13 15
1 65 d
2 61 74
1 74 x
2 17 81
1 67 f
2 60 93
1 19 k
1 86 a
1 98 h
2 48 98
1 29 b
1 48 q
2 2 15
1 59 e
2 2 74
2 66 84
1 21 v
2 8 77
1 39 c
1 32 t
2 36 92
1 60 v
1 10 x
1 18 r
1 53 o
2 3 22
2 74 87
2 23 50
2 3 70
2 65 77
1 66 g
2 3 24
1 33 j
1 94 y
2 68 83
1 45 o
1 64 w
2 44 84
1 56 n
1 21 v
1 90 b
1 89 r
1 70 i
1 6 p
2 28 35
1 2 n
2 66 88
1 32 r
1 80 h
1 61 y
1 70 d
2 7 33
1 65 v
2 6 20
1 38 i
2 77 95
2 78 84
2 44 61
1 47 m
1 52 n
2 61 62
1 1 p
2 72 80
2 49 72
1 58 p
1 76 w
1 11 u
1 50 i
2 24 88
2 25 69
1 25 j
2 36 67
2 33 83
1 65 h
1 11 o
2 1 79
1 69 p
1 31 s
1 67 q
2 20 82
1 84 i
1 43 t
1 41 s
1 92 y
2 24 97
2 80 85
2 33 64
1 62 p
1 97 o
1 23 b
1 40 c
2 19 58
2 56 57
2 13 90
1 10 m
1 56 w
2 43 80
2 61 92
1 69 f
2 1 23
1 80 v
1 16 t
1 13 a
2 34 82
1 75 m
2 16 87
1 4 p
2 18 42
2 30 78
2 54 68
1 9 w
1 18 v
2 29 41
1 62 h
1 1 e
2 55 84
2 38 45
2 53 63
2 10 29
2 91 95
1 61 g
1 35 h
1 83 p
1 13 f
1 65 k
1 73 i
1 89 e
1 10 p
1 23 t
2 14 57
1 77 g
2 26 33
2 53 91
1 15 m
1 28 l
1 59 w
2 9 46
1 56 j
1 41 g
2 16 17
2 13 79
1 11 p
1 29 m
2 10 27
1 44 o
2 67 83
2 47 82
1 2 i
1 5 y
2 46 59
2 34 46
2 14 39
2 19 67
2 64 96
2 64 94
2 43 84
1 20 p
2 70 82
2 1 28
2 40 42
1 10 y
2 36 49
1 61 n
2 14 78
1 66 d
2 59 97
2 55 96
2 20 68
1 20 p
1 11 s
1 40 h
1 18 f
2 69 70
2 39 72
2 6 13
2 45 89
2 45 50
2 56 96
2 50 75
1 41 j
2 4 45
2 5 87
2 55 87
1 69 w
1 18 k
1 7 z
2 21 98
1 32 m
2 4 10
2 8 24
1 77 f
1 40 d
1 82 z
1 86 d
1 76 g
1 32 y
2 36 89
2 78 94
2 11 39
2 48 83
1 94 d
2 11 92
1 67 e
1 28 l
1 61 u
1 78 x
2 46 79
1 33 g
1 76 b
2 1 3
2 23 96
1 35 e
2 6 90
1 52 c
2 18 29
2 7 38
2 59 93
2 5 5
1 11 f
2 46 56
1 32 a
2 12 87
1 77 j
1 73 g
1 4 i
1 92 z
2 19 26
1 1 t
1 46 a
2 1 70
2 18 88
1 94 m
2 37 58
1 65 j
2 20 90
2 22 84
1 53 j
1 15 z
1 55 k
2 20 95
2 81 91
1 12 f
2 23 38
2 27 46
1 39 q
2 54 94
1 31 d
2 73 79
1 22 p
1 96 c
2 38 74
2 3 93
1 80 z
1 97 h
2 45 84
2 7 8
1 53 v
2 18 20
1 22 u
2 34 77
2 34 87
1 18 f
