76
dxbkjrsnrhutfmyxtkwcmaxzknqslqwfnegraqblsotawdprcdifqfrzsbzsqnuvfytilpzdbhyx
10718
1 74 a
1 34 r
2 16 41
1 46 i
2 29 54
2 32 41
1 69 o
2 23 24
2 30 54
1 17 q
2 14 34
2 28 56
2 46 68
1 58 e
2 10 20
2 50 68
1 13 c
1 38 e
2 37 44
2 31 38
2 39 58
1 36 k
1 59 d
2 59 75
2 42 44
2 12 56
1 9 k
2 7 11
2 8 53
2 48 60
1 75 h
1 19 i
2 10 34
1 6 o
2 16 65
1 6 k
2 17 24
1 22 o
1 69 f
1 20 z
2 46 46
1 19 c
2 26 54
1 65 l
1 13 b
1 16 a
1 70 r
2 11 74
1 33 s
1 42 h
2 32 33
2 36 61
2 15 44
2 6 34
2 35 39
1 26 b
1 12 b
1 27 o
1 56 v
1 2 b
2 4 34
1 50 n
1 56 i
1 70 j
2 35 48
1 39 k
2 38 63
2 15 38
2 68 68
2 26 29
1 45 o
1 38 k
2 17 64
2 18 42
2 32 48
1 43 p
2 23 41
1 22 d
2 23 37
1 60 h
1 38 p
2 10 32
2 11 26
1 1 a
1 1 x
1 22 x
2 8 38
1 35 g
2 37 64
2 7 14
1 23 v
1 71 e
2 22 46
1 33 m
2 21 58
2 18 62
1 10 c
2 5 31
2 29 33
1 41 u
2 47 49
1 57 k
1 71 k
1 1 u
2 11 47
1 35 s
2 19 35
1 42 n
2 9 21
1 39 b
2 51 60
1 2 d
1 1 s
1 67 c
1 61 g
1 29 w
1 22 c
2 38 69
1 36 t
2 42 45
2 37 58
1 36 f
1 76 v
2 33 75
2 13 41
1 38 o
1 49 z
1 16 t
1 43 x
2 44 49
2 15 64
1 57 i
1 49 k
2 20 54
1 53 k
1 34 p
2 17 20
2 27 33
1 64 w
1 19 z
1 57 z
1 68 z
1 3 q
1 66 q
1 15 x
2 20 63
2 66 70
1 7 q
1 61 j
1 28 t
2 42 73
2 36 67
1 40 m
2 34 58
1 29 d
2 29 61
2 33 63
2 10 52
1 53 b
1 66 f
2 31 76
1 65 b
1 12 g
2 1 42
1 66 f
1 60 t
2 17 30
2 8 43
2 5 46
2 16 34
1 76 x
1 17 q
2 1 9
1 3 u
2 7 26
2 19 69
2 1 59
1 48 o
1 31 y
2 27 72
1 76 h
2 5 71
2 17 75
2 56 64
2 53 59
1 10 v
2 21 74
2 53 73
1 52 n
2 64 74
2 58 63
1 10 l
1 22 m
1 7 i
1 8 f
2 57 63
2 6 59
1 28 m
1 55 u
1 27 i
1 66 t
2 60 68
1 36 w
1 72 m
1 20 s
1 35 u
1 4 b
2 9 18
1 54 g
1 47 l
2 26 74
2 47 50
1 46 o
1 3 b
1 11 j
1 50 c
1 65 j
1 71 b
2 17 21
2 7 53
2 9 45
1 8 d
2 9 30
1 7 b
1 29 j
1 71 f
1 47 c
2 3 51
1 54 g
2 20 49
2 60 74
1 7 p
2 12 50
1 14 w
2 3 34
1 13 o
2 10 19
2 28 36
2 30 50
1 17 p
2 25 59
1 63 q
2 22 37
1 49 i
1 27 n
2 21 74
1 54 g
1 9 l
2 17 66
2 57 65
1 56 z
2 4 54
1 29 a
2 14 37
2 38 59
2 46 73
1 67 n
2 59 60
1 25 f
1 19 x
1 29 r
2 28 51
1 9 q
1 25 z
1 29 a
2 34 61
2 46 55
1 63 t
1 36 u
2 37 75
2 26 48
2 18 38
2 15 18
1 68 r
2 11 52
1 60 v
1 75 r
2 20 68
1 28 e
2 8 41
1 22 s
2 28 56
2 38 59
2 19 63
2 9 10
2 1 35
2 1 22
2 21 36
1 16 j
2 13 45
1 39 x
1 41 f
2 57 63
2 62 75
1 15 j
2 59 62
2 36 71
2 25 42
1 71 l
2 54 58
2 29 40
2 22 57
2 54 75
1 29 p
1 53 u
1 66 k
2 17 74
1 57 r
1 43 k
2 32 44
1 50 l
1 43 g
2 26 46
2 1 53
2 19 66
2 20 40
2 35 44
1 18 m
1 42 u
1 58 i
1 13 v
2 24 26
1 20 e
2 47 60
1 16 f
1 7 i
1 65 a
2 55 68
2 48 68
2 29 62
2 21 56
2 51 74
1 6 q
2 43 68
1 74 s
2 68 76
1 39 t
1 70 s
2 50 57
2 15 46
2 45 62
2 32 45
1 47 y
1 58 v
1 29 c
1 19 d
1 7 p
2 1 3
2 20 61
1 63 l
2 45 54
2 30 64
2 24 56
1 16 g
1 72 i
1 44 b
2 5 9
1 65 i
1 50 w
2 25 55
2 28 53
2 48 68
1 72 l
1 24 t
1 53 z
2 17 26
1 28 g
1 61 x
1 44 q
1 35 j
1 49 o
2 5 37
1 68 u
2 44 67
1 20 m
2 14 70
1 15 j
1 38 x
1 63 z
1 19 d
2 13 50
1 54 l
2 15 44
2 9 23
2 3 53
1 38 v
1 32 g
1 53 f
1 33 o
1 28 s
1 61 o
1 36 b
2 31 32
2 1 12
1 15 r
2 42 43
2 31 44
2 12 37
2 10 19
2 15 64
2 41 46
1 37 u
2 44 50
2 13 71
2 9 46
1 75 b
1 59 d
2 35 53
2 5 72
1 43 e
1 18 m
1 25 y
2 11 42
2 30 57
2 15 44
1 23 t
2 25 63
2 10 40
2 31 54
2 28 69
1 4 m
1 53 u
2 7 69
1 15 e
2 19 39
1 21 d
1 74 g
2 10 10
1 29 d
2 17 42
2 19 43
1 6 n
2 23 29
1 64 s
1 71 a
1 74 f
1 46 a
1 44 x
1 74 l
2 17 27
2 49 55
2 4 40
2 16 58
1 55 b
1 14 j
2 51 67
1 1 x
2 49 58
2 55 75
1 44 h
2 5 42
2 16 42
1 10 i
1 74 y
1 35 c
2 61 75
1 73 z
2 10 76
2 60 76
1 56 u
2 11 58
2 33 36
2 27 72
1 30 p
1 48 w
2 28 69
2 26 56
1 45 z
1 70 k
1 47 u
2 52 71
1 25 z
2 29 31
2 31 38
2 1 64
2 46 59
2 11 60
1 22 q
2 5 57
2 24 51
2 11 63
2 42 72
1 38 h
2 13 45
1 52 c
2 21 49
2 41 70
2 44 67
1 43 j
1 15 b
1 53 f
1 18 v
1 35 w
1 55 p
1 30 u
1 4 q
2 18 41
1 19 l
2 1 8
2 3 37
2 10 37
2 2 69
2 1 24
1 70 c
1 76 j
1 27 u
2 2 22
2 51 72
1 22 u
2 18 70
1 12 o
1 29 z
2 15 57
1 64 r
2 10 43
1 36 f
1 68 a
1 45 e
1 58 k
2 23 28
1 52 y
2 32 69
1 53 g
1 54 c
2 6 23
1 11 i
1 41 o
1 39 k
2 12 65
2 11 18
2 63 69
2 50 66
1 12 q
2 12 19
2 6 18
2 4 21
1 74 n
1 17 k
2 22 46
1 67 g
2 36 36
2 14 35
2 2 57
1 46 p
2 27 61
2 31 48
2 7 22
1 63 m
1 49 y
1 43 p
1 46 h
1 43 p
2 6 12
2 42 51
1 61 m
2 15 39
1 50 u
1 29 g
2 23 63
1 71 r
1 64 m
2 26 52
2 21 48
2 23 68
1 30 n
1 37 m
2 21 30
1 48 b
1 64 s
1 72 q
2 47 49
2 26 71
2 48 76
1 29 v
2 8 22
2 27 41
2 5 29
1 5 x
1 17 j
2 12 64
1 64 w
2 61 72
1 33 e
2 25 51
2 71 75
2 9 68
1 32 d
2 34 41
2 4 18
1 28 p
1 40 v
2 67 76
1 24 r
1 68 p
2 2 15
1 12 c
2 11 64
2 24 33
2 2 57
1 68 q
1 33 w
2 20 34
1 8 a
2 66 75
2 50 56
1 1 m
1 57 m
1 69 w
1 71 e
2 39 47
2 23 74
1 59 g
1 50 f
2 32 69
1 20 m
1 13 s
1 41 h
2 8 18
1 42 y
2 21 29
2 9 71
1 32 h
1 61 w
2 17 63
1 68 c
1 63 m
1 69 s
1 53 a
2 16 55
2 26 69
2 44 59
2 1 50
1 25 w
2 33 68
2 1 24
1 61 r
2 17 59
1 10 k
2 33 37
1 10 s
1 40 l
2 36 67
2 25 62
1 30 g
2 36 44
1 54 i
1 30 a
2 6 17
2 43 67
2 60 76
2 21 75
2 5 35
1 30 t
1 18 x
2 30 33
2 39 70
2 18 24
1 35 z
1 58 k
1 43 l
2 9 74
1 50 x
2 27 68
2 62 62
1 24 r
2 31 65
1 38 c
1 73 k
2 73 73
2 16 48
2 11 60
2 5 39
1 12 h
1 39 h
1 18 e
2 7 56
2 13 67
2 53 73
2 35 69
2 47 55
2 28 60
1 15 w
2 40 67
2 67 68
2 70 75
1 8 g
1 20 l
1 72 g
2 15 76
2 16 56
1 23 c
2 10 31
2 27 61
1 14 f
2 17 55
2 34 34
1 59 b
2 6 63
2 11 15
2 34 53
1 31 v
2 31 52
1 7 c
1 33 p
2 3 56
2 4 45
1 30 k
2 41 42
1 30 z
2 58 64
1 15 m
1 26 m
1 72 e
1 71 y
2 35 61
1 39 f
1 69 y
1 32 c
2 55 58
1 75 z
2 7 49
2 43 61
2 14 62
2 9 43
2 30 75
2 50 61
1 45 h
1 12 g
1 17 b
2 29 60
2 10 74
1 27 v
2 5 76
2 8 52
1 33 a
2 58 67
2 38 70
2 17 30
2 13 45
2 12 64
2 42 61
1 53 u
2 51 56
2 2 43
1 52 o
1 33 c
1 22 e
2 31 68
2 8 63
2 38 60
1 55 a
2 17 22
2 25 41
1 27 i
2 25 66
1 52 e
2 3 60
1 31 a
1 5 g
1 3 f
2 6 26
2 25 66
2 13 54
1 62 k
1 40 a
2 22 31
1 10 z
1 32 k
1 28 m
1 73 n
1 56 w
1 24 k
2 52 57
1 12 q
1 62 u
1 52 z
1 23 o
2 27 48
1 9 f
2 2 69
1 1 b
2 41 76
2 24 25
1 31 e
2 29 67
2 13 32
1 27 q
1 4 y
2 20 57
1 34 i
1 43 y
1 59 p
2 46 70
2 33 67
1 67 j
1 43 s
2 2 39
2 5 65
2 74 76
1 4 k
2 65 76
1 19 n
1 33 i
1 38 e
1 38 s
1 35 f
1 64 b
2 15 34
2 40 55
2 59 68
2 18 52
1 28 d
2 38 50
2 8 13
1 44 d
1 21 o
1 12 y
2 15 34
2 17 26
1 60 s
2 15 28
1 42 i
2 17 28
1 29 a
1 26 s
2 50 72
2 8 43
1 44 y
2 29 40
1 45 q
2 12 38
1 48 r
1 45 t
1 74 d
2 18 38
2 29 49
1 76 s
2 20 56
1 29 i
1 55 s
2 6 39
1 69 a
2 55 68
1 8 z
1 62 i
2 20 21
2 8 39
2 5 6
2 9 70
1 42 g
2 10 18
2 21 62
1 75 d
1 23 s
2 15 22
1 71 p
2 29 38
1 20 a
2 47 56
1 15 x
2 7 52
2 31 75
1 5 w
2 17 30
2 41 62
1 18 t
1 27 q
1 73 h
1 20 z
2 25 46
2 26 73
2 59 73
1 26 n
2 11 73
2 67 73
2 42 62
1 37 c
2 47 62
2 30 70
2 54 57
1 47 g
2 59 75
1 33 g
2 49 76
1 26 k
1 2 p
1 42 e
2 7 40
2 3 42
1 51 i
2 76 76
2 22 56
2 17 52
1 58 c
2 3 27
2 10 36
1 48 g
1 72 f
1 2 g
1 43 b
2 6 8
2 58 69
1 6 c
1 71 n
2 6 66
2 19 27
1 3 a
1 25 z
2 40 49
2 26 40
1 3 f
2 51 65
2 16 71
1 73 s
1 13 s
2 4 30
1 39 j
2 38 67
1 38 l
1 69 g
1 8 m
2 1 64
2 39 63
2 62 69
2 28 39
2 30 51
2 28 46
1 66 q
2 29 30
1 30 u
1 25 n
2 5 71
2 3 23
2 17 74
1 45 e
1 35 g
1 65 v
1 16 j
2 1 54
1 13 e
1 2 d
2 9 63
1 24 r
1 42 m
2 55 63
2 48 51
1 11 i
2 38 39
2 40 76
2 1 47
1 37 r
2 23 69
2 25 61
1 9 o
1 73 m
2 12 32
1 36 b
2 47 53
1 13 g
1 56 q
1 16 a
1 6 p
2 52 67
2 7 9
2 2 45
2 14 55
1 20 m
2 15 44
1 47 u
1 63 n
1 75 t
2 14 63
2 68 71
2 9 53
1 13 y
1 59 k
2 23 34
2 17 70
2 49 53
2 43 52
2 13 28
2 13 13
2 29 43
1 51 v
2 45 60
1 4 y
1 55 z
1 71 f
2 3 43
2 22 39
1 28 j
1 75 b
1 16 l
1 36 c
1 60 a
2 27 30
2 51 62
2 36 50
1 73 t
1 27 d
1 1 o
1 14 w
2 8 24
2 32 65
1 3 a
1 32 d
2 4 64
2 50 61
2 29 45
2 19 44
2 36 69
2 31 40
1 71 n
1 65 r
2 10 36
1 56 k
1 36 s
2 24 50
2 59 62
1 33 w
1 69 l
2 9 72
2 52 64
2 7 75
2 16 24
2 5 58
2 4 9
1 25 r
2 68 71
2 62 62
1 6 s
1 66 z
2 8 41
2 18 59
2 28 59
2 42 68
2 47 63
1 49 o
2 40 75
1 63 v
2 2 34
2 34 54
1 66 w
2 37 45
2 37 56
1 45 k
2 16 56
1 34 g
1 54 y
1 22 k
1 15 t
2 16 55
2 24 54
2 34 68
1 14 t
2 35 57
1 71 m
2 12 18
2 8 44
1 69 f
2 26 36
2 7 19
2 34 58
2 48 63
1 13 w
2 17 68
1 60 o
1 49 p
1 14 y
1 74 m
2 32 61
2 36 57
1 15 o
2 26 66
2 17 59
2 7 51
2 7 45
2 71 76
1 68 y
1 41 d
2 48 66
1 73 b
1 10 w
1 15 u
2 11 32
1 69 b
1 47 e
2 18 40
1 66 i
2 58 75
1 59 a
2 18 46
2 11 49
1 46 e
1 66 g
2 17 43
1 57 w
1 52 s
2 3 49
1 67 e
2 8 64
2 34 73
2 22 67
1 73 h
2 3 39
1 68 y
2 25 36
1 11 n
1 16 m
1 27 l
1 59 r
1 46 e
1 21 r
2 1 33
2 5 29
2 46 48
2 2 42
2 22 64
1 44 j
2 44 72
2 33 75
1 33 x
2 46 48
1 72 f
2 70 74
1 10 k
2 8 11
1 69 i
1 3 b
2 18 33
2 56 69
1 63 o
2 21 48
2 42 46
2 6 58
2 16 22
2 19 75
2 27 38
1 13 h
1 60 l
1 72 u
1 11 y
2 26 29
2 15 36
1 17 n
2 14 47
2 13 39
1 70 v
2 9 12
1 1 t
1 4 b
2 14 57
2 52 60
1 69 w
1 15 w
2 10 31
1 32 h
2 7 50
2 29 74
2 25 30
1 37 j
2 5 55
1 70 t
1 24 s
1 58 z
1 75 h
2 26 55
1 48 g
2 9 29
1 59 h
1 19 y
1 74 r
1 72 q
2 11 57
2 57 75
1 75 x
2 43 52
1 44 v
2 1 15
2 50 61
2 32 60
2 18 63
1 20 h
1 48 y
1 33 r
2 9 21
2 48 64
2 14 44
1 73 b
1 13 p
1 68 e
2 23 27
1 2 t
1 10 l
1 47 s
1 2 z
2 45 58
1 30 z
2 57 73
2 9 44
1 31 r
2 8 34
1 51 f
1 9 g
1 38 l
2 43 56
2 20 33
2 8 24
1 51 a
2 61 68
1 12 o
1 6 w
1 61 x
2 3 6
2 6 12
2 31 51
2 26 56
1 7 n
1 24 m
2 52 62
2 29 61
1 69 q
1 64 y
1 62 a
2 58 62
1 62 m
2 38 52
2 43 53
1 9 g
1 42 o
2 43 76
2 39 39
2 28 44
1 11 y
2 1 31
1 14 s
1 68 y
2 10 36
1 72 l
1 70 q
2 48 69
2 29 65
1 35 p
2 16 70
2 8 42
2 38 47
1 20 h
2 18 20
2 59 65
2 19 35
2 62 75
2 21 42
1 65 z
2 58 74
1 32 p
2 14 70
1 6 f
1 76 p
1 2 w
1 25 r
2 22 48
2 7 20
1 45 j
2 43 62
1 68 s
2 19 71
2 29 37
1 8 b
1 34 w
2 48 74
1 15 i
2 38 73
1 10 a
1 43 t
1 42 c
2 14 23
1 58 z
2 9 17
2 29 37
1 43 m
1 13 s
1 39 s
1 34 u
2 59 70
1 3 t
1 40 w
2 39 51
2 20 28
2 32 44
2 7 57
1 24 x
2 17 55
1 57 z
2 21 30
1 38 d
2 5 56
1 40 n
1 32 g
1 52 o
1 67 y
1 62 k
2 53 65
1 6 q
1 9 r
2 26 59
2 6 46
1 24 p
1 47 l
2 13 73
2 20 75
1 34 q
1 10 x
2 30 34
2 13 34
1 23 g
1 59 a
2 42 46
2 8 39
2 57 76
1 19 p
1 66 b
2 27 69
1 61 u
1 70 w
2 26 32
2 1 52
2 26 45
2 26 58
2 40 67
1 62 p
2 17 53
1 51 m
1 30 f
2 62 69
2 31 46
2 49 74
1 22 y
1 43 z
1 73 e
2 13 74
2 16 44
1 53 a
1 5 m
2 35 67
2 14 21
1 72 p
2 32 44
2 30 46
2 55 60
1 28 u
1 26 s
1 7 o
1 48 p
1 64 j
1 74 l
2 19 56
1 46 w
1 42 t
1 41 c
1 21 u
2 33 41
2 18 72
2 6 57
2 33 54
2 21 31
2 26 70
2 29 73
1 1 l
2 8 59
2 49 53
2 23 57
2 48 55
2 11 14
2 30 69
2 16 24
1 9 r
1 6 b
2 40 66
1 45 j
1 70 w
2 39 75
1 58 t
2 21 35
1 20 q
1 24 u
2 66 70
1 70 w
1 68 y
1 50 g
1 40 r
1 15 m
2 38 71
2 31 42
2 29 31
1 17 p
2 11 48
2 27 76
2 40 57
1 21 u
1 53 z
2 43 75
1 24 o
1 33 a
1 40 m
2 15 28
1 73 s
1 74 v
1 76 w
1 53 m
2 25 42
2 66 68
2 24 59
1 31 o
1 73 c
2 7 29
1 43 z
1 72 h
1 54 f
2 9 42
2 7 73
2 16 19
2 20 52
2 13 53
1 48 j
1 47 y
2 5 17
1 25 r
2 10 60
2 8 71
1 60 n
2 44 70
1 30 q
1 28 p
2 12 17
2 20 48
1 41 d
2 22 31
2 25 33
1 52 g
2 41 46
1 23 z
1 68 a
1 31 y
2 68 75
1 26 f
2 9 70
1 50 k
1 59 q
1 67 i
1 75 c
2 4 12
2 48 59
1 6 a
2 13 68
1 10 c
2 40 43
1 70 b
1 44 q
1 47 l
2 57 63
1 49 s
2 21 37
1 35 v
1 33 s
1 49 b
1 34 c
1 50 o
1 52 k
1 10 r
2 3 42
2 2 24
1 23 t
1 56 e
2 36 56
1 41 q
2 55 65
1 17 c
1 63 h
1 36 w
1 48 k
2 21 54
1 26 e
2 9 42
1 60 n
2 7 61
2 5 27
2 30 66
2 56 66
2 6 37
1 49 l
2 29 45
2 19 59
1 49 b
1 52 d
2 39 49
2 49 49
1 60 s
1 61 k
2 33 72
2 44 55
2 34 57
2 49 69
2 20 71
2 38 62
1 45 d
2 13 50
1 46 s
2 24 29
1 10 a
1 42 w
1 10 l
1 54 t
2 31 76
1 61 c
1 39 k
1 51 i
1 52 y
1 34 b
1 62 s
1 17 u
1 12 i
2 7 51
2 14 55
2 18 43
2 32 59
2 22 63
1 50 v
2 17 70
2 14 72
2 33 70
1 40 c
2 45 64
1 55 z
2 13 26
2 22 23
1 2 r
1 73 d
1 24 s
2 43 46
2 20 70
1 7 r
1 22 s
2 35 75
1 6 x
2 31 43
1 54 c
1 31 b
1 58 t
2 35 49
1 58 k
1 16 b
2 24 47
1 1 d
1 10 n
1 14 d
2 41 60
1 11 y
2 14 56
2 11 14
1 44 i
2 54 68
1 43 x
2 15 68
1 3 n
2 8 39
2 14 70
1 66 o
1 24 v
1 28 y
1 52 f
2 6 21
1 54 v
1 63 r
1 68 n
2 34 63
2 28 39
1 51 t
1 12 y
2 51 58
2 59 72
1 22 w
1 56 t
1 50 k
2 12 19
2 42 52
1 58 i
2 65 75
2 3 55
1 68 v
1 70 i
1 39 o
2 13 19
2 55 75
2 30 74
2 28 48
1 35 h
2 8 65
1 60 t
1 27 f
1 66 s
1 35 d
1 13 l
1 73 a
2 55 59
1 51 t
2 6 34
1 34 c
2 17 59
1 39 n
1 11 a
1 46 w
2 24 66
2 28 70
2 19 73
2 52 56
1 34 k
2 54 67
2 1 4
1 8 c
1 30 l
2 33 70
2 45 63
1 58 v
2 71 72
2 12 44
1 70 v
1 58 p
1 68 s
2 17 33
2 60 76
2 12 75
2 2 23
2 7 32
1 7 b
1 48 q
2 32 61
1 45 g
2 2 74
2 41 47
2 13 20
2 33 53
1 48 a
2 20 38
1 25 x
2 46 54
2 3 6
2 44 63
1 48 k
2 17 27
2 12 71
1 34 p
1 15 l
2 57 58
2 28 42
2 44 56
1 62 e
2 21 52
1 19 n
1 48 o
2 6 33
2 68 76
1 41 z
1 4 e
2 1 60
2 9 46
1 43 m
1 45 c
2 36 60
2 19 73
1 43 o
2 29 63
1 65 b
1 23 i
1 22 w
1 45 r
2 32 66
1 34 d
1 73 m
1 64 r
1 12 j
1 56 i
2 19 63
1 67 z
1 33 d
2 61 62
1 7 r
1 70 g
1 73 h
2 20 60
1 53 x
1 41 v
1 5 b
2 14 16
2 3 36
2 5 31
1 2 d
2 53 67
1 47 y
2 42 62
1 13 i
2 12 25
2 2 39
1 12 y
1 7 q
1 24 y
2 49 62
2 58 64
2 16 21
2 26 66
1 43 d
1 31 l
2 5 66
1 2 h
1 20 n
1 31 l
1 49 a
2 20 20
1 2 r
2 10 27
1 22 p
2 33 50
2 12 25
2 1 56
2 30 59
1 56 b
2 14 24
1 14 s
1 26 z
1 61 n
1 13 g
2 12 30
2 55 58
1 76 g
2 33 56
1 17 k
2 23 58
2 14 20
1 5 p
1 58 v
1 27 q
1 29 r
1 3 f
1 33 i
2 1 12
1 59 t
1 23 y
1 75 g
1 25 q
2 20 70
1 71 s
1 18 b
2 10 31
2 22 40
2 20 58
2 51 56
1 72 e
2 28 44
2 16 75
2 3 72
1 23 y
1 24 e
1 57 s
2 33 76
1 10 a
2 44 67
1 14 d
1 56 r
2 22 30
2 23 66
2 7 61
2 9 26
2 48 65
2 19 28
2 17 32
2 5 7
1 28 q
1 35 y
1 23 j
2 25 38
2 31 66
2 16 31
2 21 64
2 2 59
2 4 42
1 13 e
1 76 y
1 39 s
1 71 r
1 36 d
2 35 69
1 21 l
2 16 29
2 7 9
2 29 69
1 40 j
2 67 72
2 35 58
2 48 61
2 19 63
2 36 60
2 18 35
1 37 b
2 11 15
1 65 l
1 38 l
2 23 64
2 35 67
2 18 53
1 27 b
1 4 a
1 32 b
1 2 a
2 3 18
2 7 46
1 4 u
1 67 j
1 34 e
1 67 n
2 9 13
2 53 63
2 36 73
2 5 52
2 29 58
2 25 61
2 32 35
2 34 71
1 37 v
2 13 72
1 25 a
1 12 m
2 24 37
1 63 t
1 40 r
1 42 l
1 57 s
2 44 58
2 2 38
2 7 48
2 51 70
1 7 w
2 5 64
1 10 j
1 5 u
1 34 d
2 17 51
1 35 a
2 16 70
2 24 68
2 10 25
1 48 c
2 18 76
1 29 p
2 22 68
1 40 f
2 2 33
2 31 50
2 23 35
2 18 67
2 54 65
2 52 55
1 46 t
2 45 70
1 47 i
1 19 o
1 57 u
1 3 u
2 25 33
2 31 69
1 59 w
1 8 q
2 66 74
1 26 t
1 36 y
2 34 46
1 46 o
2 6 60
1 30 q
1 48 y
2 19 55
2 15 40
1 56 b
2 14 24
1 27 x
1 68 s
2 47 64
2 2 7
2 31 68
2 4 55
1 35 m
1 50 x
2 14 23
2 11 76
1 47 e
2 6 63
2 9 27
1 52 k
2 42 47
1 37 d
2 29 41
2 31 42
1 18 o
1 58 t
2 40 45
1 31 t
2 11 29
1 59 i
2 2 42
2 32 67
1 52 o
1 67 z
1 67 q
1 27 x
1 30 d
2 24 61
2 17 26
2 15 28
2 28 29
1 64 c
2 2 73
2 6 55
2 32 62
1 40 k
2 6 52
2 5 45
2 12 19
2 30 76
2 33 47
2 43 70
1 2 m
1 13 c
1 13 r
1 57 m
2 16 37
2 1 15
1 43 l
2 19 57
1 53 m
2 53 76
1 33 l
1 75 h
1 6 l
2 9 51
2 8 75
1 36 e
2 60 69
2 15 22
1 5 b
2 31 57
2 9 50
2 26 57
2 35 56
1 16 k
1 56 h
2 15 50
1 33 s
1 48 l
2 1 6
1 66 v
1 34 o
2 27 65
2 21 52
2 6 66
1 15 g
2 49 74
1 3 s
2 20 26
2 14 48
1 12 g
1 13 t
1 36 t
2 31 36
2 10 36
2 30 55
1 56 h
2 10 22
1 15 g
1 24 q
2 27 50
2 36 43
2 33 56
1 49 m
2 66 69
1 40 e
2 13 15
2 65 73
2 49 66
1 19 u
2 4 55
2 40 52
1 60 u
1 69 i
1 40 c
2 33 63
1 37 g
1 25 m
2 42 53
2 8 11
2 4 44
2 19 36
1 4 o
1 72 p
1 53 o
1 29 b
2 7 18
2 34 55
2 11 46
1 56 e
2 2 67
1 28 u
2 8 26
2 37 49
2 32 43
2 38 59
2 47 65
1 20 v
2 17 65
2 22 58
2 1 20
1 32 v
1 73 z
2 38 56
2 38 55
1 11 p
2 6 28
2 43 72
2 46 60
1 18 u
2 54 65
1 32 d
1 15 j
1 63 h
1 58 b
1 7 c
1 43 o
1 38 x
1 23 p
1 66 w
1 66 c
1 25 r
2 23 31
2 47 71
2 34 73
2 19 57
2 5 57
1 65 r
2 40 44
1 15 g
1 29 c
1 46 t
1 42 k
1 49 m
2 19 61
2 7 33
2 31 76
2 7 15
1 70 t
1 21 w
1 17 c
1 51 p
2 5 63
2 4 43
1 8 v
1 6 i
1 65 r
1 32 r
2 2 50
1 66 x
2 32 60
2 12 65
1 18 m
2 2 36
1 61 m
2 1 54
2 24 69
2 43 49
2 47 49
2 47 55
2 37 60
2 46 49
1 58 q
2 59 73
2 14 24
1 57 k
2 19 19
2 19 23
2 57 72
2 20 74
2 8 23
2 45 59
1 71 q
1 38 v
1 2 m
1 7 i
1 53 l
2 4 30
1 25 t
2 12 65
1 34 q
1 9 l
2 10 14
2 6 42
2 40 53
1 13 o
2 3 21
1 11 l
2 57 63
2 28 37
2 59 61
2 23 63
1 60 g
2 59 75
2 33 40
2 68 68
1 35 u
1 16 p
2 37 40
2 26 51
1 47 m
1 71 o
1 49 i
2 16 57
2 22 68
1 65 h
1 12 l
2 5 8
2 4 17
1 49 u
2 14 59
1 49 g
1 68 i
1 28 n
1 70 k
1 35 i
1 44 y
1 68 x
2 34 69
2 41 48
1 2 d
1 3 f
2 8 40
2 57 67
2 2 59
1 32 t
1 53 v
1 13 x
2 1 16
1 34 a
2 10 10
2 12 21
1 23 k
2 39 66
2 29 72
2 51 56
1 31 v
1 3 e
2 19 65
2 10 56
2 17 22
1 26 n
1 41 r
1 52 s
1 59 v
2 18 23
1 70 r
1 55 j
1 40 y
2 6 39
1 44 w
2 27 52
1 32 n
2 5 26
1 74 p
2 12 34
1 48 t
2 24 54
1 14 d
1 66 c
2 5 29
1 59 p
2 6 58
1 50 b
2 8 43
2 24 57
1 57 n
2 12 25
1 41 v
2 44 69
1 4 d
1 31 s
1 46 c
2 17 65
2 33 33
1 43 m
1 55 a
1 71 p
2 19 40
1 58 i
2 21 34
1 72 a
2 12 71
1 72 v
1 30 e
2 50 70
1 62 s
2 12 16
2 9 66
2 7 16
2 21 33
2 1 50
1 1 o
2 12 71
1 22 g
1 7 q
1 22 i
1 33 g
1 67 a
2 46 46
2 3 52
2 10 37
1 2 z
1 3 l
1 1 z
2 24 43
1 74 t
2 8 45
2 40 63
2 31 49
1 44 p
1 61 y
2 29 69
1 33 o
1 55 f
2 22 38
1 30 x
1 46 f
1 46 r
1 46 w
2 2 10
1 10 t
1 29 k
1 14 p
2 11 13
2 12 22
2 7 28
2 4 66
1 14 k
2 21 29
2 43 58
1 38 y
2 53 68
2 45 53
2 21 36
1 34 l
1 9 l
2 3 18
1 21 b
1 38 z
2 44 67
1 39 p
1 76 t
1 59 z
2 44 61
2 18 33
2 4 45
1 36 i
1 71 t
1 37 k
2 36 44
2 16 39
2 50 74
1 75 p
2 30 60
1 48 u
2 39 60
2 5 75
1 12 w
1 15 p
2 27 71
1 25 v
1 30 v
2 13 21
2 15 50
1 36 v
2 6 35
2 65 72
2 26 76
1 28 d
2 24 49
2 22 34
1 39 j
1 70 n
2 10 66
1 40 q
1 63 t
2 1 8
2 18 20
2 30 41
2 49 71
2 52 56
2 7 59
1 67 h
2 9 68
1 1 o
1 60 k
2 25 50
1 11 m
2 30 38
2 52 58
1 10 a
1 45 w
2 7 52
1 40 o
1 52 l
1 72 w
1 58 a
2 34 52
2 24 30
1 64 r
1 5 z
1 57 s
2 10 32
2 40 68
1 40 h
1 25 h
1 69 m
1 50 i
1 3 y
2 24 32
2 46 50
1 16 g
1 34 s
1 56 c
2 37 50
2 19 67
1 21 o
1 16 a
1 44 p
1 57 y
2 20 36
2 18 66
2 11 64
2 30 60
2 12 74
2 46 50
2 2 73
1 17 y
2 20 20
1 19 d
2 7 63
2 8 44
1 45 o
1 67 j
1 40 x
2 38 70
1 53 p
1 22 z
1 53 f
2 40 62
2 9 66
2 50 74
2 47 69
1 41 i
1 67 d
2 17 55
2 20 67
1 32 t
1 61 c
1 29 v
1 64 o
2 24 47
1 53 g
2 25 70
2 6 17
1 45 v
2 1 67
2 23 47
2 11 65
2 19 70
1 28 o
1 59 a
1 63 h
1 29 e
1 4 s
2 41 43
1 38 e
1 46 r
1 18 p
2 47 57
2 27 64
1 23 d
2 41 74
2 30 53
1 28 x
2 35 47
2 16 36
2 24 64
2 50 71
2 33 53
1 31 j
2 26 27
2 48 49
1 24 q
2 9 59
2 13 28
2 32 58
2 51 62
2 17 36
1 4 a
1 64 v
1 76 o
2 36 69
1 25 n
1 70 u
1 23 r
1 55 u
2 73 76
1 64 h
1 11 v
2 10 17
2 14 48
2 2 38
2 1 15
2 41 42
1 49 z
1 38 y
2 50 67
2 42 71
1 28 p
2 4 27
2 60 73
1 9 j
2 6 30
2 38 47
1 54 r
2 9 44
2 54 66
1 58 j
1 74 g
2 1 76
2 39 59
2 24 24
1 24 g
1 64 l
1 71 p
2 21 74
2 31 63
1 68 y
2 48 73
2 44 55
1 9 z
1 9 o
1 6 i
2 12 35
1 41 o
2 10 46
2 6 73
2 54 64
1 39 q
2 44 62
1 18 k
2 40 50
2 40 48
1 71 k
1 70 b
2 37 64
1 24 v
1 11 v
1 21 j
1 41 v
2 35 43
1 7 o
2 21 30
2 67 72
2 40 69
2 14 41
1 39 s
2 23 75
1 40 f
1 9 a
1 13 p
2 28 48
2 16 18
2 51 55
2 22 31
1 76 r
2 14 47
2 8 68
1 8 o
2 8 44
2 52 57
1 40 j
2 36 62
1 15 q
1 41 i
2 12 51
1 40 n
2 66 72
1 36 m
1 73 j
2 44 73
1 3 j
2 30 36
2 29 45
1 23 e
1 9 n
2 36 76
1 64 h
2 13 51
2 25 76
2 4 74
1 65 n
1 61 n
1 11 f
2 13 53
1 61 j
2 18 74
1 8 t
1 60 x
1 74 c
2 29 52
2 4 32
2 19 39
1 18 z
1 36 h
2 46 74
2 25 60
1 27 u
1 75 j
2 19 24
1 66 n
2 42 62
1 26 l
1 13 t
1 55 u
1 63 f
2 40 66
1 50 e
2 43 67
2 32 53
1 51 c
1 76 b
1 57 j
2 25 43
2 9 11
2 30 69
2 39 43
1 10 n
1 70 q
2 24 51
2 56 56
1 28 d
2 33 37
1 27 e
1 23 n
2 24 39
1 21 a
1 28 j
1 24 h
2 8 54
2 28 48
2 6 11
2 68 74
1 63 r
2 61 63
1 58 g
1 63 m
2 60 75
2 1 25
1 3 z
1 20 t
2 6 11
1 63 w
1 64 i
2 2 73
2 4 54
1 18 g
2 11 26
2 49 66
2 25 58
2 40 43
1 30 l
2 16 33
1 56 d
2 61 71
1 6 g
2 9 37
1 43 l
1 64 j
2 47 73
2 49 74
1 73 m
2 16 45
2 70 74
2 48 53
1 39 f
2 36 37
2 2 76
1 29 n
2 6 20
1 6 v
2 34 35
1 58 f
1 17 q
2 1 8
1 47 h
1 23 v
1 6 e
2 10 13
1 12 x
2 42 74
1 21 r
1 45 z
1 31 k
2 2 7
1 64 i
2 49 67
1 59 n
1 20 d
1 26 q
1 39 q
2 31 38
2 25 47
1 14 z
2 20 31
2 16 38
2 47 69
2 2 42
2 5 11
1 29 d
2 4 23
2 53 64
1 36 m
2 32 38
2 25 61
2 24 44
2 13 74
2 33 73
2 34 45
2 26 55
2 3 55
1 68 s
1 56 v
1 20 l
2 21 35
2 7 8
2 62 64
1 31 h
2 23 31
1 40 b
2 7 27
2 28 67
1 40 b
2 13 25
2 31 52
2 51 53
2 4 18
1 10 x
1 67 m
1 28 f
2 19 67
1 8 t
2 55 63
2 30 39
1 72 q
1 45 m
1 18 r
2 23 30
1 42 u
2 10 35
2 46 74
2 11 57
2 17 22
1 67 l
2 57 59
2 47 50
1 2 i
2 48 63
2 9 47
1 37 b
1 5 s
1 20 d
1 57 y
1 42 d
2 30 58
2 12 20
2 50 64
1 75 e
2 25 39
1 63 a
1 63 p
1 37 h
2 51 71
2 63 66
2 6 60
2 53 68
1 8 g
2 44 54
2 17 24
1 51 u
2 61 70
1 35 y
1 4 a
1 19 z
1 74 y
2 37 50
1 63 i
2 19 55
2 20 59
1 60 l
1 8 z
1 3 e
2 14 33
1 20 w
2 31 71
2 43 55
2 32 54
2 11 68
2 30 63
1 59 m
1 28 l
1 59 i
2 2 43
2 1 10
1 60 b
2 22 27
2 51 72
1 1 w
1 2 o
2 37 55
2 27 56
1 32 g
2 40 66
1 15 b
2 10 44
2 26 76
2 7 39
2 12 23
2 12 53
2 45 55
1 63 b
2 7 38
1 71 v
1 4 a
2 14 53
1 26 g
1 23 k
1 23 g
2 46 52
1 20 o
1 13 f
2 9 65
2 52 72
2 23 33
2 5 9
2 55 74
2 17 34
1 71 k
2 14 70
2 1 74
1 45 k
1 64 n
2 15 67
1 52 y
1 56 h
1 38 z
1 50 t
1 12 o
2 3 65
1 17 p
2 3 10
1 47 t
1 60 h
2 57 61
1 60 l
2 8 48
2 42 43
1 64 f
1 12 o
1 6 t
1 8 b
2 4 33
2 26 63
2 47 73
2 7 17
2 31 49
2 12 37
1 29 s
1 21 w
2 13 27
1 3 h
1 41 n
1 6 n
1 11 z
2 16 57
1 3 i
1 12 h
2 49 63
2 28 36
2 55 62
2 53 58
2 41 62
2 27 62
1 30 v
2 45 49
2 2 38
2 31 61
2 15 47
1 10 m
2 3 61
2 38 70
1 33 r
1 51 i
1 37 z
1 12 j
2 44 70
1 55 n
1 39 s
1 25 v
2 16 55
2 44 57
2 12 70
2 18 29
2 20 55
1 15 o
1 30 l
2 5 55
2 36 73
1 26 c
2 5 54
1 34 t
1 26 u
2 44 46
2 68 76
2 20 58
2 48 73
1 76 r
2 19 38
2 52 52
2 46 63
2 3 50
2 23 54
1 45 x
2 14 35
2 18 40
2 8 53
2 17 63
1 61 z
1 18 n
1 60 y
2 23 67
2 14 57
2 48 71
1 20 d
2 49 57
2 4 31
2 10 58
2 24 44
2 16 45
1 75 f
2 1 7
2 25 43
2 26 72
2 6 32
2 32 65
1 11 p
2 21 34
1 61 f
2 37 58
2 26 58
1 16 i
2 15 36
1 4 n
1 5 f
2 34 70
1 72 i
1 29 t
2 15 67
2 47 50
1 12 j
2 35 37
1 65 y
1 6 a
1 27 p
2 50 51
1 25 v
1 22 o
2 33 56
2 26 39
2 33 48
2 64 65
1 56 x
2 33 60
1 39 j
1 27 w
1 14 b
1 56 r
2 9 21
2 7 58
1 58 y
1 58 s
1 37 w
2 41 45
2 20 23
1 58 d
2 64 75
1 44 q
1 53 c
2 12 48
2 11 13
2 13 43
2 21 51
1 9 u
2 36 51
2 47 50
2 5 27
2 62 74
1 62 y
1 31 c
2 13 57
2 8 51
1 58 c
2 15 42
1 20 t
2 23 57
1 47 v
1 17 h
1 24 v
2 4 54
1 35 t
2 16 51
2 41 66
2 27 53
1 55 r
2 32 40
2 15 53
2 26 72
2 51 54
1 15 e
1 20 j
1 40 k
2 34 75
2 23 47
1 61 e
1 9 m
1 55 j
2 24 66
1 30 c
2 60 72
2 25 53
2 22 67
2 29 44
2 39 46
2 15 29
2 75 76
2 28 43
2 10 24
2 16 25
2 36 43
2 32 50
1 26 o
2 27 35
2 5 17
2 25 75
1 25 i
1 29 g
1 12 v
2 32 64
2 40 43
1 67 i
1 16 b
1 19 y
2 46 64
2 14 18
2 56 74
2 46 66
2 1 15
2 10 38
1 14 b
2 5 42
1 38 y
2 70 76
1 23 n
1 52 u
2 42 73
1 16 g
1 64 c
2 24 30
2 30 55
2 27 41
1 13 z
2 52 55
2 9 32
2 4 31
1 32 r
2 43 55
2 3 14
2 7 37
1 65 h
2 10 63
2 21 58
2 38 56
2 41 49
2 5 74
1 52 y
1 1 w
1 5 e
2 11 59
1 27 h
1 63 j
2 2 21
1 71 l
1 62 v
2 23 49
1 73 m
2 50 73
2 67 75
1 47 d
2 49 51
2 19 32
1 35 r
2 3 44
2 67 76
2 21 31
2 41 66
2 18 23
1 13 o
1 57 a
2 50 69
2 21 28
2 29 59
1 25 q
1 58 s
2 17 20
2 11 56
2 38 39
2 4 25
2 56 66
2 6 19
2 16 67
2 26 55
1 52 q
2 22 76
2 9 75
1 63 s
2 9 68
2 72 76
2 26 32
2 28 74
1 76 n
1 14 q
1 36 d
2 19 57
1 1 n
1 18 g
1 39 r
1 51 z
2 16 34
2 50 51
1 2 e
1 33 g
1 48 u
1 50 k
1 34 v
1 15 h
2 27 74
1 72 z
1 56 v
2 6 14
1 2 y
1 31 a
1 10 g
1 42 w
2 16 61
1 74 x
1 9 f
2 10 64
2 10 41
2 56 73
2 39 57
2 41 65
2 25 61
2 11 27
1 29 q
1 9 n
1 28 r
2 22 23
1 21 e
2 2 66
2 46 71
1 6 m
2 45 58
2 2 40
2 3 35
1 35 p
1 55 v
2 4 13
1 73 z
1 6 p
2 64 76
1 40 j
2 43 47
1 44 x
2 20 48
2 16 55
1 23 p
1 62 a
1 17 x
2 7 62
1 61 e
2 41 54
1 73 x
1 6 j
1 53 n
2 33 73
2 17 60
2 2 12
1 55 h
1 24 h
1 11 h
2 47 62
1 7 f
1 66 b
1 21 u
1 44 m
2 24 37
1 49 a
2 15 43
1 68 s
2 27 47
1 29 r
2 43 45
2 12 30
2 11 68
2 35 55
2 38 65
1 35 n
2 16 37
2 48 51
2 52 55
1 43 f
2 17 60
1 64 o
2 25 56
1 48 q
1 32 d
2 12 75
1 51 i
1 60 y
2 5 19
2 13 23
1 52 s
1 72 e
2 28 59
2 32 60
1 8 a
2 24 51
1 10 x
1 65 a
2 2 8
1 69 q
1 64 q
2 14 24
1 29 u
2 33 72
2 20 32
2 58 74
2 59 68
2 27 29
2 14 55
1 33 q
1 26 p
2 1 61
2 17 31
1 28 r
1 11 u
1 40 w
1 19 y
2 3 53
1 49 b
2 74 76
2 27 63
2 21 72
1 25 j
1 31 f
1 62 v
2 7 15
2 2 74
1 69 o
1 18 x
1 29 n
1 52 r
2 39 47
1 64 g
2 34 45
1 3 k
1 31 y
2 31 31
2 39 40
2 36 43
2 44 70
2 36 61
1 37 p
2 9 28
2 28 53
1 21 y
1 25 q
2 17 61
2 39 68
1 12 o
2 3 3
2 11 54
1 61 h
1 36 k
1 1 s
1 25 e
1 47 h
2 10 53
2 18 39
2 7 7
2 51 71
2 37 70
2 7 71
1 49 i
2 18 56
2 20 47
2 42 60
1 60 y
1 54 x
2 31 37
1 49 e
2 18 45
1 71 g
1 12 w
2 1 30
1 24 r
1 13 n
1 10 i
1 35 i
2 62 69
2 46 59
1 49 u
1 2 x
2 39 51
1 39 s
1 15 m
2 40 56
1 4 w
2 8 60
1 2 j
1 32 n
2 16 19
1 42 c
1 52 n
2 10 18
1 70 g
2 28 47
1 62 p
2 64 70
2 25 52
1 15 c
1 3 m
1 25 v
1 25 v
1 50 k
2 31 39
1 27 r
2 49 60
1 63 i
2 11 14
1 39 d
2 22 25
1 53 i
2 38 71
2 14 72
1 11 d
2 1 22
1 15 s
1 28 r
1 58 j
2 20 26
2 11 37
1 3 q
1 63 q
1 51 m
1 74 v
2 41 50
2 2 46
1 17 b
2 46 48
2 54 61
2 4 60
2 13 20
2 55 75
2 1 69
1 59 f
1 3 h
2 46 58
1 71 x
1 12 j
1 50 t
1 50 o
1 56 c
2 72 74
1 13 n
1 73 y
1 8 i
2 46 49
2 21 22
2 25 25
2 25 63
2 23 60
1 62 q
1 4 b
2 21 63
1 58 k
2 5 9
1 31 v
1 44 j
2 1 34
1 40 u
1 53 l
2 1 43
2 18 37
2 12 44
1 71 o
1 71 h
1 20 k
2 30 73
1 28 n
2 39 42
2 54 65
2 21 42
1 73 o
1 30 k
1 9 g
1 15 k
2 36 53
2 38 62
2 56 74
2 55 68
2 55 75
1 43 v
2 36 50
2 5 7
1 51 y
1 32 l
2 20 65
1 28 s
1 36 r
1 7 u
2 5 20
2 5 76
1 41 t
2 28 70
2 16 66
1 36 l
2 12 47
1 50 s
2 31 76
2 3 5
2 31 73
2 13 51
2 4 31
2 12 25
2 21 39
1 65 n
1 15 l
2 18 46
1 6 o
2 23 50
2 33 66
1 27 c
2 24 75
2 11 20
1 72 w
2 45 70
2 57 66
1 74 a
1 37 y
2 8 37
1 7 o
2 38 39
1 54 r
1 61 x
1 41 b
2 13 59
2 61 61
1 14 x
2 17 55
2 2 20
2 24 31
2 8 30
2 14 33
2 20 60
1 37 n
1 19 e
2 55 68
2 54 74
2 21 57
1 46 i
1 43 u
1 4 u
2 4 55
1 51 s
1 68 d
1 60 c
2 53 55
1 36 o
2 44 62
2 9 54
1 30 c
1 54 l
2 34 65
1 28 p
1 59 g
1 4 d
2 24 72
1 69 r
1 18 u
1 57 k
2 30 43
2 4 61
1 15 v
2 16 36
1 9 c
2 59 72
1 29 v
2 31 52
2 22 61
2 56 76
1 73 m
2 59 63
2 40 48
2 30 52
2 9 27
2 7 9
1 59 v
1 62 i
2 38 50
1 57 c
2 9 64
1 31 x
2 20 58
2 39 52
2 16 67
1 30 k
2 53 67
2 8 34
2 18 56
1 52 z
2 7 42
2 25 41
2 43 68
2 49 67
2 49 62
2 48 59
1 48 p
2 46 70
1 45 t
2 42 65
1 73 v
1 55 e
1 57 m
1 10 i
1 75 e
2 22 33
1 66 m
1 36 i
2 26 34
2 23 46
1 43 s
1 51 b
1 54 l
2 7 21
2 10 41
1 12 x
2 34 74
2 27 42
2 31 74
2 65 73
1 19 i
1 65 d
1 64 g
1 34 u
2 5 76
1 7 d
2 57 70
2 51 60
1 50 n
2 16 72
2 47 51
1 64 m
1 44 a
2 17 59
2 12 35
1 34 a
1 10 r
1 51 r
1 21 b
1 64 t
2 12 50
1 67 j
2 69 76
1 30 a
1 58 i
1 52 q
2 19 34
2 30 45
1 43 j
2 11 41
2 16 42
2 64 67
1 72 m
1 66 p
2 41 55
2 15 65
1 68 u
1 52 i
1 59 b
2 25 50
1 32 b
2 8 18
2 15 61
1 63 w
1 6 j
2 21 32
2 63 65
2 47 47
2 40 47
1 22 m
1 46 g
2 17 40
2 13 52
1 53 v
1 5 h
1 3 r
2 3 9
1 45 n
2 31 65
2 40 65
1 47 i
2 5 58
1 72 y
1 19 i
1 72 t
1 25 x
1 32 u
1 5 q
2 55 61
2 11 76
1 70 s
2 38 73
1 13 i
2 30 74
2 39 69
1 61 o
1 68 f
1 32 l
2 26 44
1 69 p
2 45 58
1 25 h
2 41 68
1 16 r
1 53 j
2 12 39
2 17 32
1 64 a
1 75 n
1 19 l
1 2 u
1 60 c
2 14 58
2 53 70
2 8 25
1 12 h
2 3 11
2 13 23
2 13 49
1 50 f
1 5 e
1 23 a
1 10 p
1 21 k
1 28 g
1 28 l
1 7 m
2 19 66
1 17 i
2 24 36
1 73 g
2 65 73
2 48 59
2 18 73
2 40 56
2 51 63
1 73 z
2 22 44
2 4 71
1 63 x
1 1 m
1 18 d
2 20 74
1 57 c
1 52 a
2 25 70
1 49 b
1 39 x
2 5 13
1 23 w
1 5 s
2 43 68
2 10 66
1 48 s
1 52 m
1 55 j
1 20 t
1 72 o
1 23 u
2 19 64
2 9 13
1 18 i
1 65 v
1 26 j
1 31 s
2 36 67
1 43 h
1 40 i
1 36 b
1 14 b
2 21 61
1 67 w
2 9 17
1 50 j
1 29 c
1 32 g
1 62 q
2 64 72
2 9 45
1 54 m
2 28 63
1 18 m
1 68 s
1 24 r
2 22 55
2 62 73
2 58 68
2 37 69
1 38 g
1 61 x
2 1 62
1 48 r
1 4 g
2 32 54
2 45 49
2 23 24
1 70 a
1 31 l
1 2 w
1 75 x
2 46 49
2 13 37
1 6 x
2 25 62
2 26 40
2 38 68
2 31 76
2 2 3
2 15 33
2 27 34
2 54 60
1 39 q
2 9 64
2 2 41
2 26 52
1 29 e
2 50 68
2 32 34
1 34 y
1 45 v
2 56 68
2 30 59
2 39 40
2 6 10
1 31 b
2 49 60
1 47 c
1 75 m
2 32 58
2 8 16
1 60 z
1 42 w
2 11 33
2 9 25
1 75 u
1 7 h
2 17 36
1 19 p
2 42 70
2 35 52
2 11 68
2 51 64
1 39 d
2 13 29
2 26 60
2 24 59
2 20 67
2 32 47
2 43 57
2 26 55
1 18 g
1 43 k
2 1 11
2 66 67
2 3 6
2 58 69
2 24 28
2 21 72
1 17 c
2 39 40
1 10 f
2 4 30
2 10 76
2 34 35
1 52 n
1 71 w
2 20 38
2 17 71
1 59 f
1 51 x
2 30 59
2 54 58
1 43 q
1 1 r
2 35 44
1 60 n
2 53 55
1 9 g
2 33 60
2 5 70
2 71 75
1 33 m
1 54 b
2 14 61
2 8 45
1 67 q
1 22 f
1 22 l
2 48 58
1 8 b
2 5 23
2 18 47
1 47 p
1 17 u
1 22 q
1 33 g
1 76 y
2 44 69
2 21 30
1 20 e
1 1 w
1 32 v
1 31 v
1 29 g
2 27 61
2 63 72
1 1 g
2 53 54
2 22 70
2 6 69
1 13 l
2 22 63
1 13 s
1 56 s
2 4 7
1 37 f
1 60 k
2 17 42
1 42 j
1 60 l
1 66 f
2 15 31
2 33 71
1 53 k
2 63 63
1 57 k
2 34 52
1 24 l
1 19 w
2 6 9
2 1 7
1 67 g
2 34 53
2 7 19
2 3 67
1 38 k
2 15 38
1 41 l
2 29 32
1 30 j
2 32 59
2 22 30
1 61 a
2 1 34
2 31 70
2 23 33
1 26 c
2 30 46
1 67 h
1 21 i
1 34 w
1 7 f
2 5 34
2 8 64
2 12 39
2 33 74
2 3 71
1 3 o
1 33 x
1 29 w
2 45 70
1 54 e
1 49 o
2 19 24
1 39 d
1 23 s
2 66 71
2 8 68
2 8 27
2 26 76
1 8 s
1 13 e
1 73 d
1 52 y
2 55 69
2 9 48
1 54 q
1 11 p
2 31 60
1 32 v
2 29 32
2 19 21
1 48 f
2 19 28
2 4 13
2 22 64
1 66 w
2 21 43
2 6 48
2 3 5
1 59 s
1 74 h
2 15 21
1 45 d
1 70 w
1 68 x
1 74 m
2 20 63
2 36 76
2 9 15
2 1 29
2 30 53
2 11 67
1 30 k
1 45 t
2 7 31
1 21 e
2 8 47
2 13 16
1 70 j
1 20 j
2 62 64
2 18 33
1 3 h
1 14 r
2 31 57
1 26 t
2 34 51
1 64 x
1 74 x
1 68 w
2 45 67
2 13 55
2 20 21
2 21 60
2 28 53
2 2 62
1 30 n
2 45 45
2 9 14
2 7 46
2 17 55
2 20 21
1 73 d
1 21 v
1 39 l
2 25 67
1 20 y
1 15 r
2 41 74
2 10 72
2 2 74
1 55 p
1 53 o
2 63 64
2 42 76
1 67 k
1 60 s
1 24 u
1 27 s
2 1 41
1 62 s
1 65 v
1 31 a
1 46 e
2 29 38
1 12 f
1 46 m
1 53 f
2 21 60
1 19 v
1 54 i
2 26 54
1 41 r
1 12 z
2 6 70
1 42 k
1 26 k
1 24 e
2 10 13
2 34 67
2 6 61
2 50 65
2 15 28
1 46 y
2 19 39
1 50 y
1 58 f
1 27 r
2 13 25
1 60 h
1 16 o
1 74 l
2 63 75
2 33 67
2 37 69
1 6 y
1 55 f
1 27 j
1 20 q
1 67 y
2 36 38
2 28 72
1 55 w
1 26 t
1 32 v
1 58 f
2 5 22
2 7 46
2 38 76
1 2 k
1 65 t
2 15 43
1 53 p
2 42 55
2 3 50
1 76 u
2 3 22
2 12 49
1 28 w
1 75 t
2 50 71
2 34 64
2 32 75
1 74 g
1 66 o
1 61 l
2 49 63
2 13 57
2 58 66
2 51 62
2 3 23
2 29 30
2 28 59
1 1 t
1 69 i
2 22 73
1 28 z
1 67 y
1 13 t
1 5 x
1 15 e
2 43 54
2 6 41
2 2 54
2 6 41
2 55 73
1 27 r
1 58 p
1 11 j
1 55 i
2 5 18
2 29 33
1 41 x
2 55 68
1 40 g
2 17 42
1 2 v
2 41 76
1 38 j
2 37 40
2 5 46
2 44 60
1 32 n
1 50 f
1 71 n
1 21 o
2 20 37
1 76 e
2 5 69
2 28 29
1 26 v
2 24 66
2 18 21
1 56 p
1 51 g
1 8 b
1 57 b
1 34 p
1 68 t
2 5 30
1 76 f
2 37 50
1 38 z
2 21 39
1 53 o
2 6 63
1 14 q
2 21 27
2 3 71
1 18 h
1 21 b
2 5 54
1 47 c
2 29 50
1 66 x
1 14 a
1 39 k
1 52 s
2 60 65
2 25 74
2 53 64
2 48 70
1 48 a
2 2 41
1 69 s
2 52 56
1 2 s
1 17 s
2 22 49
2 5 73
2 6 74
2 58 74
1 71 e
2 35 49
1 68 k
2 33 70
1 30 w
2 27 58
2 13 53
2 13 45
1 21 m
2 4 72
1 4 c
2 55 71
1 26 d
1 22 y
2 17 63
1 42 z
2 8 69
1 6 b
1 15 d
2 12 26
1 19 x
1 23 d
2 11 35
2 67 74
1 46 n
1 7 p
2 22 54
1 26 o
2 14 59
1 39 q
1 46 g
2 61 65
2 10 44
1 25 o
2 63 66
2 37 69
2 4 68
2 4 76
1 69 q
1 74 g
1 45 i
1 25 r
1 41 n
2 42 59
1 66 a
1 61 p
2 18 70
2 17 24
1 12 i
1 48 i
2 70 72
2 22 60
1 69 i
2 18 24
2 44 74
1 20 h
1 28 x
2 41 42
1 68 g
1 66 u
1 48 m
2 4 50
1 75 g
1 52 l
2 25 41
2 61 68
2 10 62
2 45 49
2 4 66
1 68 t
2 20 30
1 30 u
2 33 74
2 20 41
2 43 64
2 54 59
2 17 59
1 72 u
1 75 p
1 42 v
1 24 d
2 21 72
2 21 26
2 8 74
1 23 q
2 3 65
1 46 g
2 24 55
2 48 71
1 3 i
2 6 14
1 65 n
2 36 59
2 13 22
2 15 38
1 9 w
2 56 65
1 7 g
2 23 40
2 6 48
1 41 c
2 18 31
1 37 x
2 9 29
2 28 47
2 16 26
1 42 y
2 36 41
2 49 53
2 38 66
2 38 69
2 12 49
2 31 49
1 44 v
1 48 m
2 8 58
2 14 62
1 72 v
1 74 c
2 27 56
1 1 v
2 14 72
1 42 e
2 4 64
2 1 62
2 16 32
2 17 38
2 66 74
2 32 43
2 37 39
2 38 61
2 22 69
2 44 63
2 22 55
1 57 v
1 40 v
2 23 42
2 18 65
1 43 p
2 11 19
2 27 76
2 24 59
2 65 67
2 40 64
2 25 48
2 8 16
1 19 n
1 30 e
2 26 35
1 8 s
1 38 p
1 33 f
1 63 k
2 40 48
1 4 a
1 5 x
1 51 b
2 20 71
2 34 48
1 2 z
2 5 48
1 46 r
2 63 73
2 52 72
2 20 39
1 68 u
1 22 q
1 54 q
2 47 60
2 4 13
1 5 v
1 1 e
2 5 49
1 52 n
1 4 q
1 40 g
2 4 6
1 10 d
1 35 r
2 55 74
2 18 21
2 12 48
2 24 48
2 51 57
1 58 d
1 55 c
1 2 c
1 74 z
1 10 d
2 3 38
1 44 o
1 1 c
2 25 32
2 2 74
2 7 61
1 33 a
1 55 o
1 49 n
2 21 24
2 44 47
2 8 9
2 3 45
2 12 56
1 41 f
2 35 58
1 28 k
2 44 51
1 55 i
2 25 74
2 5 40
2 12 36
1 24 w
1 49 s
1 15 j
1 27 j
2 41 63
1 6 i
2 30 71
2 1 26
1 26 l
2 55 74
1 39 d
1 4 m
2 40 66
2 65 76
1 73 y
2 39 66
1 5 i
1 9 p
2 9 17
2 8 62
2 44 49
2 5 15
1 17 x
1 64 w
1 5 l
1 62 d
1 3 q
2 18 55
1 61 f
2 8 58
1 13 c
2 3 69
2 26 27
1 45 w
1 33 w
2 27 63
1 40 d
2 20 24
1 56 z
2 37 59
2 9 30
1 69 r
2 11 20
2 20 33
2 26 66
2 33 41
1 72 n
2 45 71
2 16 59
1 25 y
1 57 m
1 73 e
2 7 11
2 61 75
2 14 45
2 28 74
2 38 40
2 50 71
2 2 28
1 28 k
2 11 66
2 15 49
2 26 61
2 18 19
2 26 26
2 7 48
1 42 h
1 1 k
1 63 s
2 35 43
2 27 69
1 57 l
1 64 d
1 52 s
1 24 k
1 26 r
2 7 47
1 71 q
2 46 66
1 19 g
1 74 r
2 24 61
1 48 f
1 15 o
1 42 c
2 35 61
1 60 o
1 12 w
2 27 43
2 25 29
2 39 47
1 10 j
2 7 60
2 71 76
1 45 y
2 48 57
2 48 56
2 14 45
1 62 x
1 11 m
2 41 53
1 7 m
2 25 71
1 56 p
2 22 23
1 4 l
2 19 44
1 69 z
2 61 71
1 35 c
1 27 c
1 61 b
1 24 b
2 17 43
2 10 66
1 58 t
1 48 c
1 65 s
2 62 70
1 4 e
1 4 h
1 4 a
2 10 20
2 50 60
2 35 39
2 14 33
1 32 m
2 20 46
2 58 66
2 61 74
1 6 m
2 31 56
1 43 v
2 1 2
2 1 56
1 45 j
2 6 28
1 50 y
2 30 58
2 21 28
2 31 45
2 7 14
1 55 b
1 68 f
2 5 53
1 6 z
2 20 51
2 56 59
1 66 g
1 41 g
2 6 63
1 30 l
2 17 69
1 44 l
1 4 q
1 43 w
2 2 63
1 46 q
1 74 t
1 38 p
2 10 30
1 52 z
2 3 45
1 1 k
1 36 u
2 11 12
1 8 w
2 7 41
1 68 h
1 53 h
2 22 24
2 8 27
2 30 46
1 26 z
2 6 11
2 16 28
1 73 i
2 10 31
2 63 76
2 33 57
1 66 f
1 11 l
1 43 o
1 44 t
1 41 j
2 37 76
1 24 h
1 65 i
2 37 44
2 26 33
1 27 s
2 27 47
1 2 o
1 31 l
2 48 55
1 55 p
2 40 65
1 47 z
1 46 j
2 1 30
1 28 x
2 70 73
2 1 27
2 56 62
2 44 56
1 13 d
2 19 42
2 2 51
1 37 i
2 27 41
1 39 o
1 64 f
1 14 w
2 3 17
2 19 53
1 68 t
2 8 52
1 24 d
2 45 70
2 31 33
2 19 19
1 76 h
2 56 72
1 17 b
1 9 w
1 51 t
2 7 29
2 35 37
1 28 l
1 33 i
2 47 75
2 23 52
1 43 n
2 18 19
2 9 13
1 18 b
2 21 35
2 21 69
2 8 65
1 60 s
2 12 74
1 26 l
1 51 o
2 10 60
2 34 65
2 22 45
2 29 38
2 21 37
1 47 a
1 8 k
2 18 36
1 50 j
2 35 40
2 52 75
2 7 41
2 40 71
1 40 c
1 20 r
1 9 q
2 32 51
1 47 v
1 51 d
2 12 69
2 55 72
2 38 69
2 13 69
1 16 b
1 51 p
1 66 h
1 63 k
2 54 68
2 59 68
2 2 14
1 66 u
1 17 o
2 54 74
1 8 e
1 50 s
1 8 q
1 56 e
2 41 48
2 14 45
2 21 76
1 71 b
2 4 76
2 48 49
1 39 e
1 21 n
2 17 58
1 7 s
1 73 y
2 18 67
2 49 63
2 67 69
2 65 76
2 45 71
2 22 59
1 41 j
2 37 75
2 18 20
2 14 73
2 30 36
2 26 49
1 26 w
1 3 p
1 63 v
1 58 k
1 53 b
2 30 41
1 5 m
1 14 l
2 19 57
1 46 d
2 15 32
1 58 o
2 7 67
1 51 c
1 26 h
2 7 49
2 43 61
2 12 74
1 15 r
2 28 71
1 34 f
2 8 54
2 28 70
1 23 n
2 11 34
1 55 v
1 14 t
1 37 a
1 10 y
1 53 r
1 14 s
2 27 38
2 3 44
2 27 34
2 10 45
1 19 j
2 2 29
1 30 a
1 56 e
1 2 m
1 68 l
1 74 k
2 48 52
1 50 c
2 66 67
1 58 d
2 10 65
2 22 75
1 22 v
1 6 c
1 12 n
1 19 i
1 75 k
2 38 47
1 50 f
1 1 o
2 1 22
2 18 71
2 65 76
2 39 46
1 75 w
2 33 35
2 21 36
2 15 41
1 56 p
2 6 15
2 45 71
2 7 55
1 71 e
1 3 e
2 25 53
2 55 58
1 26 i
2 17 26
1 1 t
1 60 c
2 20 41
2 19 44
2 21 61
1 23 q
1 34 k
2 8 46
1 30 t
2 49 60
2 6 9
2 54 65
2 14 61
1 19 g
2 30 59
2 34 58
1 12 r
2 22 27
2 5 29
2 34 41
1 63 x
2 16 63
2 45 61
1 38 r
1 18 c
1 43 r
2 63 73
1 34 g
2 11 12
2 25 38
2 43 49
1 20 h
1 35 s
2 47 56
2 53 64
1 73 j
1 18 f
1 55 l
2 35 56
2 12 62
2 2 9
2 2 18
1 16 t
2 42 45
2 40 70
1 52 w
1 71 a
1 45 u
2 59 73
2 16 47
2 15 53
1 74 e
2 42 51
1 73 k
1 67 h
2 8 62
2 26 40
1 33 o
1 49 y
1 5 p
2 59 74
1 72 f
1 34 w
1 59 e
1 23 j
2 24 64
2 8 17
1 54 i
1 17 h
1 27 q
2 10 23
1 54 m
2 50 59
2 38 74
2 33 45
2 44 60
1 40 i
1 76 a
1 37 a
2 16 34
1 63 m
2 47 62
2 25 46
2 49 54
2 24 72
1 14 h
1 63 c
2 2 54
2 52 58
1 23 f
2 6 14
1 31 i
1 59 m
2 29 58
1 16 c
2 4 73
1 51 r
1 1 p
2 41 74
2 29 50
1 29 k
2 13 14
2 65 67
1 55 e
2 41 73
1 21 u
1 54 q
2 7 25
1 60 t
1 63 t
1 75 h
1 23 u
2 14 15
2 15 72
1 28 i
2 30 57
1 75 j
1 7 z
2 51 59
2 55 67
1 45 u
2 24 61
1 41 b
2 8 64
1 29 d
2 31 38
2 19 74
2 36 74
1 45 u
1 45 q
2 24 71
1 8 h
2 67 74
2 47 57
1 44 w
1 36 y
2 48 76
2 25 68
2 29 61
2 3 34
1 68 o
1 18 l
1 55 m
2 27 67
1 7 k
1 30 f
1 59 w
1 24 c
1 71 z
2 58 58
1 33 o
1 43 e
1 47 y
1 29 h
1 56 i
1 28 o
2 52 68
1 67 c
2 27 32
2 12 73
2 41 57
1 4 y
2 72 74
2 19 55
2 23 36
1 12 w
1 67 b
2 18 27
2 4 34
2 16 62
1 38 p
1 26 p
2 10 58
1 11 w
1 28 h
2 19 50
2 59 65
2 63 66
2 15 52
1 58 u
1 56 p
2 5 40
1 25 s
2 24 58
1 22 i
2 48 76
2 49 50
2 8 51
1 25 e
1 15 k
2 17 30
2 35 61
1 25 z
2 18 38
1 33 i
1 68 u
1 60 t
2 4 75
2 31 32
2 2 58
2 28 46
2 53 55
2 15 34
1 57 y
2 17 69
2 40 61
2 11 54
2 54 70
2 38 44
1 62 l
1 22 l
1 27 z
2 42 50
1 71 f
2 21 51
1 60 o
1 54 h
2 3 75
2 9 19
1 31 a
2 6 49
1 33 t
1 27 z
2 14 74
2 3 43
2 40 76
1 12 f
2 1 37
2 33 48
2 1 72
1 8 w
1 60 i
2 17 28
2 8 46
2 40 46
1 20 c
1 57 m
2 49 60
1 33 v
2 8 40
2 37 56
2 44 58
1 13 t
2 7 28
2 29 60
1 4 v
2 20 51
1 74 g
2 32 74
1 5 m
2 8 11
1 69 i
1 41 c
1 31 i
1 3 f
2 52 59
1 54 c
2 29 40
1 76 i
1 69 f
2 27 38
1 7 k
1 74 j
2 50 54
2 46 60
2 13 31
2 6 16
1 74 d
2 43 44
1 29 g
1 58 w
2 5 23
2 2 74
2 6 52
2 38 53
2 23 56
2 9 46
1 36 d
2 46 57
2 42 75
1 35 h
1 26 y
1 47 w
1 10 y
2 8 45
2 21 29
2 49 61
2 28 48
2 22 27
1 61 g
1 37 o
2 60 60
1 63 n
2 30 61
2 50 72
2 21 26
1 47 g
1 58 f
2 44 55
1 59 o
2 1 53
2 40 51
2 56 64
2 7 41
2 1 67
2 30 30
2 35 46
1 21 i
2 48 54
2 8 68
2 14 16
1 35 m
2 3 4
1 67 l
1 61 b
1 59 d
1 39 r
1 37 b
1 35 x
2 4 8
1 36 e
1 44 g
1 63 g
2 43 45
1 67 x
1 26 e
2 23 61
1 34 w
1 14 b
1 52 g
2 14 51
1 55 t
1 69 n
2 14 71
2 15 72
2 1 24
1 5 y
2 62 63
2 13 34
2 48 75
2 36 49
2 5 39
2 40 71
2 19 57
1 61 d
2 43 76
1 25 k
1 23 w
2 45 55
2 41 68
1 35 v
1 67 h
2 7 14
2 3 59
1 10 w
1 4 j
1 65 p
2 36 55
2 9 26
1 17 y
1 58 y
1 18 r
1 14 l
1 23 w
2 8 54
1 23 r
1 44 n
2 27 44
1 63 f
2 45 51
1 9 f
1 65 b
2 8 60
2 29 43
2 22 61
1 6 t
1 35 d
2 41 42
1 69 a
2 2 18
2 9 66
1 4 l
2 28 59
1 30 n
2 6 54
2 40 57
1 7 q
1 33 r
1 24 j
2 2 49
1 4 b
1 44 b
1 64 d
2 11 30
1 7 m
1 65 j
1 21 f
2 48 51
2 22 29
1 2 w
1 57 k
1 39 b
1 15 p
2 45 71
2 14 22
1 2 a
2 38 71
2 8 56
1 39 h
2 28 60
1 67 z
1 29 c
1 54 n
2 69 70
2 23 35
1 44 p
1 32 d
2 14 34
1 29 j
1 41 y
2 13 54
2 17 35
1 41 g
2 41 45
1 2 t
2 55 67
1 45 h
2 5 71
2 27 49
1 15 z
2 4 32
1 55 r
2 17 23
2 26 52
2 22 33
1 25 j
2 59 69
1 67 a
2 16 56
1 21 k
1 32 v
2 26 72
2 3 42
2 6 13
2 9 61
1 16 u
2 46 54
2 56 69
1 50 t
1 10 e
2 56 67
2 8 21
1 66 c
2 47 72
1 39 i
2 11 34
1 2 w
1 50 x
2 20 61
2 49 54
2 30 40
2 11 67
1 4 k
2 38 52
2 10 12
1 56 n
1 29 o
2 28 71
1 53 d
2 57 63
1 34 q
2 28 61
1 3 o
2 7 65
1 70 y
1 11 i
1 76 u
2 14 16
1 55 o
2 5 59
1 26 n
1 46 k
2 34 69
2 64 75
1 37 y
2 7 69
1 50 o
1 42 i
1 43 v
2 2 44
2 4 5
2 12 33
2 28 48
1 21 m
2 46 61
1 68 p
1 49 q
2 17 41
1 18 k
1 67 f
1 7 l
1 62 w
1 50 c
2 4 41
2 15 25
1 23 n
1 51 d
1 39 u
1 5 w
1 40 s
1 25 a
1 69 k
2 15 75
1 21 w
2 38 47
2 44 66
1 46 p
1 42 e
1 30 c
2 35 38
1 45 j
1 58 g
1 47 w
1 73 e
2 23 43
2 60 67
1 36 i
1 35 e
1 64 b
2 21 74
2 23 33
1 64 i
2 23 58
2 21 57
1 23 u
1 60 m
1 39 o
2 43 66
2 46 62
1 47 q
1 59 h
1 24 f
2 44 48
2 33 52
2 18 33
2 22 47
2 13 49
2 27 46
2 59 69
2 44 46
2 9 44
2 5 20
2 49 73
1 55 s
2 29 71
1 44 b
2 16 34
1 15 d
2 24 60
2 18 65
1 13 s
2 5 51
2 40 53
1 73 j
1 46 c
1 30 q
2 7 13
2 64 66
2 2 55
2 8 33
2 38 50
2 58 61
2 26 38
1 50 f
1 13 k
1 58 l
1 17 n
2 50 56
2 54 57
2 58 67
1 22 u
1 5 y
1 3 w
1 70 d
2 13 54
1 75 c
2 14 71
2 10 25
1 26 p
1 23 r
1 70 t
2 36 39
2 20 69
2 30 52
2 3 21
1 21 f
1 51 k
2 3 62
2 20 33
1 76 o
1 69 k
2 26 55
1 31 q
1 31 o
1 15 i
1 20 h
1 7 p
1 71 x
2 2 70
1 69 z
2 4 51
1 43 a
2 26 56
2 15 76
2 31 63
1 43 u
2 44 61
2 9 75
1 9 l
2 16 72
2 53 65
2 61 63
2 44 51
2 12 17
1 47 i
2 59 62
1 27 u
1 1 o
2 17 43
1 15 v
1 65 r
2 1 40
2 42 46
1 8 v
2 25 43
1 4 j
1 13 t
1 57 i
2 11 74
1 56 e
2 19 64
1 53 j
2 14 27
2 33 62
1 51 o
2 53 58
1 72 c
1 76 l
2 19 72
1 5 g
1 72 n
2 9 53
1 30 k
2 13 53
1 16 p
1 73 q
2 12 55
1 4 r
1 31 m
2 27 36
1 53 p
2 3 12
1 43 y
2 21 22
1 8 s
2 6 20
2 8 9
1 13 e
2 24 68
2 33 64
2 2 41
2 39 71
1 7 c
1 56 n
2 34 37
2 24 24
1 29 x
2 6 59
1 47 b
2 39 57
2 60 62
1 59 y
2 48 49
1 37 p
2 20 64
2 31 59
1 61 x
1 44 v
1 13 y
1 1 j
1 55 i
2 1 60
2 26 27
2 22 55
1 11 f
2 2 12
2 3 55
1 4 z
1 38 v
1 40 e
1 28 i
1 56 b
2 28 55
1 10 e
2 11 47
2 14 52
1 31 m
1 18 d
1 29 w
1 51 i
1 63 p
2 26 61
1 18 s
1 13 q
1 22 c
1 44 o
2 39 71
1 56 g
2 3 15
1 23 i
1 37 r
1 65 j
1 61 f
2 21 38
1 25 k
1 51 y
2 55 68
1 70 k
1 43 j
1 66 g
1 40 x
1 3 y
1 54 k
2 2 27
2 38 72
1 37 d
1 45 b
2 34 56
1 5 m
1 50 x
1 54 e
2 26 51
2 12 34
1 36 d
2 72 73
1 5 e
1 28 r
1 67 m
2 1 23
1 17 y
1 62 s
1 45 h
2 1 33
2 19 20
1 52 d
1 63 o
2 20 71
2 1 44
1 9 w
1 32 a
1 65 h
2 60 72
1 39 a
2 30 71
2 43 73
1 69 l
1 58 x
2 31 74
2 40 68
2 29 62
1 41 s
2 10 21
1 20 m
2 9 9
1 50 k
2 53 70
2 25 48
1 13 n
1 20 q
2 6 52
2 8 62
1 40 i
2 11 63
1 38 s
1 67 g
2 14 75
2 23 52
1 62 m
1 73 l
2 10 45
2 52 69
2 12 45
1 56 e
2 14 66
2 6 40
1 51 e
2 44 61
1 42 v
2 40 59
1 67 r
2 45 48
1 1 w
1 42 t
1 74 i
2 19 48
2 24 31
1 70 w
1 54 k
1 67 c
2 64 72
1 22 u
2 45 57
2 43 75
2 25 67
1 69 f
2 34 43
1 49 q
1 40 u
1 38 x
2 29 68
2 51 61
1 5 z
1 4 o
2 48 74
1 52 d
2 40 42
2 6 7
2 28 48
1 70 n
2 5 39
2 5 54
1 59 c
2 18 58
1 73 g
1 68 q
1 64 b
2 20 43
2 29 45
1 51 j
1 46 n
1 57 q
2 26 50
1 36 n
1 14 f
1 11 u
2 37 45
1 72 x
1 54 e
2 44 54
2 21 46
2 29 72
1 51 f
2 44 54
1 24 k
1 6 d
2 14 45
1 54 f
1 22 c
2 36 73
2 32 45
2 59 61
1 3 i
2 34 47
2 61 63
1 73 q
2 3 9
1 76 h
2 18 61
2 2 71
1 25 c
1 1 t
1 69 d
2 47 53
2 35 65
2 4 55
1 73 m
2 34 48
1 63 t
1 73 m
2 1 59
2 19 43
2 16 34
1 57 k
1 76 u
1 67 c
1 66 k
2 36 70
1 32 c
2 4 49
1 41 d
2 29 44
1 31 h
2 29 54
1 2 k
1 43 v
2 13 72
2 9 40
2 9 13
1 40 k
1 7 i
1 5 g
1 53 b
2 12 28
1 16 r
1 43 p
1 24 y
2 52 57
1 52 r
2 67 72
1 47 p
2 10 74
1 23 a
2 2 18
1 65 h
1 46 p
2 37 49
1 17 w
1 67 q
1 48 o
1 62 e
1 40 h
1 20 w
2 47 59
1 53 s
2 62 68
2 12 68
2 8 66
2 21 47
2 23 38
2 22 47
1 74 m
2 18 19
1 57 y
2 36 52
2 7 45
1 10 m
1 25 d
1 16 r
2 5 47
2 2 59
2 18 21
1 63 q
2 19 25
1 25 v
2 28 66
1 72 v
1 61 f
2 63 73
1 52 v
1 52 v
1 50 v
1 55 k
2 5 42
1 53 k
2 42 54
1 47 s
2 32 57
2 18 57
1 45 h
1 44 l
2 12 12
1 23 x
2 15 18
1 43 g
2 7 28
1 63 q
1 75 i
2 66 75
2 9 15
2 49 63
1 23 k
2 23 44
1 75 p
2 42 48
1 61 j
1 41 w
2 17 31
1 70 n
1 25 u
2 48 70
2 19 52
1 24 v
2 32 60
2 9 24
1 52 d
1 70 n
2 36 66
2 19 36
2 25 64
2 22 69
2 54 62
1 12 l
2 12 37
1 70 a
2 1 54
1 1 f
1 14 t
1 4 z
2 66 75
1 7 f
1 6 z
1 54 t
1 40 u
2 32 70
2 42 70
2 69 74
1 71 w
2 15 49
2 21 37
2 11 29
1 30 m
2 35 62
2 23 54
1 43 k
2 4 51
2 25 55
1 72 k
2 12 38
2 1 8
2 56 69
1 21 c
1 14 v
2 16 48
2 12 38
1 73 e
1 1 s
2 12 27
1 67 k
1 26 m
2 42 49
2 34 72
1 18 i
1 49 h
2 35 53
2 6 7
1 12 a
1 25 g
2 41 74
1 25 l
1 16 s
2 25 25
2 60 70
2 64 72
1 64 l
2 48 62
1 58 j
1 41 u
1 58 g
1 25 v
1 65 t
1 66 y
1 35 q
1 47 n
1 41 r
2 9 71
2 7 75
1 40 x
2 12 39
2 36 67
2 11 73
2 40 50
2 25 65
1 16 j
1 45 m
2 12 17
2 36 76
1 5 w
1 7 l
2 6 12
2 15 22
2 3 69
1 47 f
2 40 58
1 44 e
1 44 m
2 73 75
2 40 44
2 33 75
2 19 43
1 29 k
1 27 s
1 72 k
1 58 a
2 30 34
1 74 j
2 36 47
2 36 70
2 41 46
2 63 63
2 49 60
2 31 49
1 57 a
2 68 74
2 4 29
1 35 e
2 32 42
2 9 41
2 7 33
1 6 o
2 29 75
2 28 46
2 35 51
2 45 71
1 25 s
1 72 r
2 2 59
2 1 9
2 43 65
2 6 34
2 40 64
2 36 55
1 14 q
1 50 e
1 6 y
2 27 67
2 16 57
1 63 k
1 54 k
2 18 34
1 70 d
1 72 i
1 17 y
2 12 13
1 49 v
2 17 58
1 63 a
1 19 d
1 12 r
1 39 u
1 4 t
2 43 63
1 19 v
2 43 75
1 47 b
2 39 65
1 9 t
2 35 59
2 13 22
1 3 x
2 12 24
2 35 48
2 37 72
2 12 43
2 11 18
2 8 15
2 54 63
1 42 q
1 9 h
1 33 l
1 75 w
1 13 k
2 47 75
1 70 v
1 17 d
2 15 31
1 64 z
2 38 71
1 49 v
2 20 51
2 66 68
2 18 63
2 19 62
2 2 19
2 27 35
2 12 55
2 25 62
1 37 q
2 28 38
1 52 n
1 26 s
1 6 i
1 39 s
2 24 27
1 36 h
2 11 49
2 28 55
1 61 e
1 63 a
1 1 c
1 29 w
1 64 t
2 40 63
2 15 73
1 22 f
2 49 50
1 64 n
2 45 63
1 46 i
1 54 a
2 18 66
2 16 67
1 4 m
2 22 67
2 17 57
2 2 67
1 63 j
1 45 v
2 15 64
2 26 35
2 35 69
2 2 76
1 35 p
1 67 e
2 65 67
2 62 73
1 34 m
2 34 53
2 14 39
2 44 60
2 19 65
2 6 55
1 17 y
1 20 k
2 54 60
1 23 n
2 10 54
2 6 26
2 7 53
1 32 i
2 21 59
2 6 12
1 30 k
1 31 q
1 6 c
1 45 u
2 66 74
2 12 52
2 59 75
1 32 u
1 40 k
2 30 32
1 24 k
2 39 69
1 71 z
1 52 j
1 34 b
1 7 u
2 13 72
1 53 r
2 8 33
1 73 q
2 4 14
1 56 s
2 12 63
1 22 w
2 33 73
2 13 17
2 23 44
2 55 56
2 8 28
1 27 s
2 28 75
2 18 47
1 58 l
2 24 28
1 1 x
2 27 48
2 64 70
2 13 47
1 57 e
2 60 71
1 29 y
2 59 69
2 1 30
1 33 l
2 27 30
1 12 f
2 26 38
1 51 p
2 6 54
1 19 w
2 6 18
1 66 x
1 16 m
2 30 76
2 22 55
2 1 47
2 3 43
2 9 29
1 45 w
1 74 r
2 8 25
1 39 i
1 20 b
2 25 56
2 14 20
2 15 58
1 10 k
2 15 72
2 7 50
2 43 74
2 19 20
1 62 l
2 28 76
2 12 14
2 55 72
2 7 59
2 49 61
2 41 72
2 14 46
2 32 51
2 5 26
1 14 m
2 45 75
1 25 g
1 37 v
1 48 h
1 68 c
2 44 73
1 68 i
1 27 b
2 18 41
1 3 t
1 1 y
2 12 62
2 47 54
1 52 g
1 22 u
1 62 e
1 39 v
1 2 n
1 5 w
2 20 62
2 36 63
1 69 a
1 11 v
1 42 u
1 11 d
2 50 52
1 43 g
1 2 x
1 45 y
1 22 p
1 38 j
2 10 33
2 54 72
1 10 t
1 14 y
1 18 v
2 72 76
2 42 64
2 45 60
2 45 51
2 54 65
1 44 x
1 65 o
2 13 50
2 15 54
2 29 61
2 12 65
2 71 74
2 41 66
1 57 i
1 55 u
2 51 61
1 68 r
2 37 61
1 61 n
1 9 u
1 51 a
1 46 h
2 18 64
2 8 54
2 1 55
1 61 m
1 21 o
2 8 24
2 20 39
1 55 v
2 33 70
1 42 a
2 21 44
1 69 y
2 5 55
2 45 56
1 38 o
1 43 l
2 6 56
1 9 z
1 44 v
1 19 z
1 44 a
1 5 s
1 62 b
2 9 58
1 29 a
1 39 g
2 11 28
2 14 76
2 39 51
1 13 d
1 22 j
1 3 t
2 20 64
1 56 c
2 8 8
2 22 38
1 55 r
1 54 n
1 22 t
2 23 74
2 13 67
2 14 47
1 51 f
1 21 j
2 8 30
1 54 m
1 16 g
1 35 y
2 49 71
1 74 i
2 26 72
2 66 66
1 48 z
2 2 24
2 47 56
1 26 k
2 55 73
2 64 65
1 35 f
2 6 28
1 23 k
1 23 y
2 20 32
2 22 42
1 44 m
1 62 h
1 37 j
1 7 p
2 35 72
1 54 z
1 40 s
1 66 w
2 3 37
1 64 d
1 74 u
2 58 64
1 6 g
1 56 q
2 42 67
2 16 65
2 19 65
1 72 m
1 53 a
2 44 54
1 7 j
2 10 69
1 42 d
1 25 u
2 37 53
1 66 v
2 13 69
1 64 k
2 35 49
1 58 s
2 6 65
1 14 d
1 62 r
1 12 j
1 65 t
1 54 u
2 17 56
1 4 v
1 13 f
2 51 59
2 9 61
1 2 m
1 51 g
2 5 32
2 27 57
1 40 y
1 71 k
1 7 m
1 63 j
2 43 55
2 54 56
2 5 36
1 65 k
2 23 60
1 59 f
2 12 39
1 33 o
2 10 21
1 30 d
1 49 t
1 38 q
1 70 l
2 38 71
1 43 s
1 64 f
1 24 m
1 36 i
1 31 x
1 13 h
2 36 58
1 14 u
1 61 n
2 21 59
1 19 q
2 20 27
2 32 33
1 20 y
2 21 44
1 31 d
1 58 r
1 15 i
2 20 69
1 23 e
2 39 65
1 7 v
2 9 70
1 35 x
1 13 s
2 43 63
2 2 42
2 50 72
2 27 36
2 25 47
1 60 n
2 58 67
1 9 r
2 1 54
1 25 m
2 22 26
2 8 38
2 32 45
2 27 66
1 5 w
1 21 d
1 41 e
1 76 p
2 44 61
1 4 e
2 1 76
2 15 74
1 43 b
2 23 68
1 53 n
2 31 33
2 1 42
2 25 27
2 14 44
2 10 30
1 10 z
1 32 g
1 49 f
1 20 r
1 6 u
1 35 n
1 34 b
1 26 d
2 32 33
1 69 w
2 38 41
2 24 46
2 44 67
1 71 c
1 42 n
2 66 67
1 56 b
1 34 x
2 37 65
2 28 39
1 56 i
2 16 19
2 3 63
1 62 u
1 46 n
2 19 42
2 61 64
1 76 n
1 26 n
1 68 o
1 16 e
2 36 50
1 21 j
2 16 59
1 38 l
2 26 51
1 53 r
1 16 p
2 43 71
2 10 47
1 12 p
1 70 n
1 50 a
1 19 y
1 64 t
2 23 59
2 20 20
1 61 o
1 51 g
1 64 o
2 55 62
2 11 43
2 51 58
1 42 z
2 14 50
2 31 55
1 8 u
1 29 n
2 41 62
1 21 s
1 59 f
1 59 s
2 59 65
2 27 33
2 11 35
2 9 16
1 6 r
2 51 52
2 36 53
2 40 46
2 3 17
2 25 36
2 14 61
2 32 67
2 22 65
2 31 76
2 9 10
2 12 29
1 25 o
1 41 d
1 36 h
1 4 n
2 17 52
1 48 d
2 44 69
2 19 27
2 6 19
2 29 63
2 65 69
2 19 74
1 18 k
2 44 46
2 17 26
1 51 x
1 6 w
2 27 72
1 12 b
1 74 t
2 21 75
1 46 t
1 69 h
2 5 69
1 51 o
1 54 v
1 63 t
2 67 76
2 11 34
1 26 h
1 56 w
1 71 p
2 17 39
2 1 60
2 59 61
2 16 18
1 2 q
2 20 42
1 22 b
2 12 60
2 24 40
1 24 l
2 14 74
2 24 32
1 22 t
2 45 59
2 25 71
2 4 11
1 31 b
1 24 v
2 4 37
2 38 63
1 20 k
1 1 b
1 58 g
2 17 65
1 57 n
2 43 54
2 36 43
2 20 29
1 45 s
1 74 m
1 30 t
1 27 z
1 25 f
1 11 n
2 21 41
1 50 n
2 3 40
2 54 58
1 46 w
1 75 l
1 21 w
1 4 b
2 4 22
1 63 s
1 37 j
2 9 37
2 28 46
2 19 38
1 37 r
1 35 e
1 24 r
2 58 61
1 14 p
1 1 v
2 34 38
1 23 y
1 39 a
2 46 63
1 18 w
1 54 y
1 38 d
1 38 b
1 76 h
1 60 e
1 35 o
2 19 38
1 12 u
2 1 18
1 6 z
1 31 t
1 10 o
2 20 23
1 56 e
1 58 d
1 53 d
1 76 t
2 3 71
1 30 q
1 57 n
1 26 a
2 7 69
2 35 71
1 71 p
1 28 v
1 55 a
2 47 69
2 21 25
1 66 y
2 28 40
1 37 b
2 5 24
1 57 z
1 62 x
1 12 w
2 33 59
2 2 48
2 7 45
2 8 11
2 43 54
1 10 i
1 13 o
2 65 74
2 43 69
1 57 a
1 39 h
2 42 68
1 51 i
1 46 i
2 45 70
1 72 e
1 70 f
2 15 76
1 64 x
1 64 r
2 5 65
2 59 75
1 16 u
2 46 69
1 24 w
2 30 37
2 45 72
2 56 68
1 59 y
2 42 57
2 35 49
1 63 h
1 22 m
2 6 45
1 54 n
2 13 17
2 16 16
1 4 m
2 43 61
1 28 c
2 23 43
2 31 48
2 45 75
2 4 6
2 57 76
2 13 69
2 6 21
1 12 g
1 2 a
2 13 29
1 59 d
1 34 m
1 10 t
1 23 c
1 39 h
1 41 g
2 46 58
1 60 e
2 13 48
2 1 17
1 64 h
1 35 r
2 31 41
2 19 27
1 65 i
2 3 54
1 43 y
1 64 d
1 17 u
1 55 a
2 20 27
2 1 71
1 40 o
1 36 b
2 6 23
1 2 o
2 47 57
2 21 50
1 70 j
2 18 25
1 13 a
1 25 j
1 13 y
2 66 71
1 43 r
2 17 46
2 50 62
1 7 u
2 11 25
1 62 w
1 31 m
2 10 71
2 8 48
2 10 65
1 21 w
1 1 d
1 56 v
1 52 u
2 7 67
2 6 64
2 2 3
1 31 g
2 17 62
2 3 5
2 12 45
2 72 74
1 11 h
2 4 56
2 28 33
2 54 75
1 53 u
2 11 29
1 67 l
1 17 z
1 31 i
2 25 75
2 37 51
1 64 r
2 69 71
1 73 n
1 59 h
2 26 63
1 45 a
1 26 d
2 38 52
1 54 s
2 46 54
2 4 76
1 10 b
2 8 74
2 24 65
2 10 24
2 17 45
1 8 c
1 73 d
2 6 50
2 21 65
1 36 i
2 34 62
2 22 40
1 1 n
2 47 69
2 8 48
1 75 x
1 57 g
1 3 a
2 35 65
2 29 33
2 2 39
2 10 28
2 58 62
2 20 37
2 26 41
1 72 z
2 15 72
2 22 22
2 60 67
2 60 75
2 58 68
1 32 i
1 4 y
2 9 68
1 60 r
1 16 w
1 32 z
2 53 67
1 32 b
1 6 b
1 60 f
1 24 b
2 9 26
1 45 q
2 41 43
2 45 54
2 26 69
1 27 i
1 30 a
2 31 39
2 18 43
1 68 m
2 36 43
1 25 u
1 23 r
1 58 t
2 21 56
2 22 60
2 39 50
1 72 h
1 41 l
1 38 g
1 6 e
1 57 x
2 3 24
2 3 46
2 17 61
2 28 56
1 74 x
2 3 17
1 6 r
1 8 s
2 22 37
2 5 32
1 76 d
1 55 a
1 65 h
1 74 j
2 39 51
1 69 y
1 26 r
2 29 75
1 58 p
1 1 b
1 18 h
1 20 o
1 63 d
2 55 64
1 47 i
1 34 h
2 3 42
1 43 p
1 27 g
2 70 73
1 57 x
1 4 k
1 4 s
2 17 73
2 66 70
2 13 50
2 34 75
2 9 32
1 60 v
2 19 68
1 72 i
1 8 y
1 41 j
1 19 n
2 6 67
2 22 33
1 67 z
2 38 53
2 3 54
1 21 n
2 20 36
2 22 59
1 43 z
2 52 70
2 22 34
1 56 k
1 61 h
1 31 r
1 70 v
2 15 35
2 51 72
2 10 59
1 7 j
1 12 n
2 51 52
1 69 u
2 32 66
1 44 b
1 76 v
1 7 b
1 9 k
2 43 61
2 45 47
1 39 g
1 54 f
1 40 e
2 6 71
1 69 b
1 15 x
2 33 61
2 33 34
2 58 76
2 8 10
1 22 f
2 37 43
1 61 k
1 60 b
1 65 g
2 18 33
1 41 t
1 28 v
1 5 z
1 11 w
2 26 46
2 57 60
1 41 m
1 54 e
1 3 o
2 67 73
1 12 z
1 72 n
1 54 t
2 13 46
2 22 69
2 49 61
2 25 52
2 6 40
2 62 63
1 30 o
2 30 66
1 54 n
2 47 71
1 18 u
1 76 x
1 27 z
1 66 r
1 62 j
2 27 31
2 6 31
2 19 21
1 9 e
1 33 z
1 18 h
2 15 31
1 11 x
2 42 73
2 21 37
2 4 23
1 67 n
2 26 28
2 12 71
1 65 h
2 2 75
2 11 27
1 40 i
1 23 m
2 20 33
2 42 44
2 22 73
1 33 v
2 36 49
1 48 z
2 63 68
1 50 d
2 41 76
2 37 56
1 75 i
2 8 64
1 45 t
1 27 j
1 59 i
1 58 i
1 4 h
1 49 j
1 75 t
1 55 r
2 37 67
2 29 30
1 8 k
1 71 c
2 21 48
1 42 b
1 21 f
1 51 l
1 49 r
1 9 f
2 14 43
1 59 v
2 22 23
1 22 l
1 12 c
2 6 65
2 35 43
2 40 59
2 67 69
1 10 l
2 25 68
1 64 x
1 46 d
1 71 p
2 31 71
2 43 76
2 43 53
1 15 v
2 34 39
2 19 54
1 51 p
2 49 60
1 59 x
1 52 u
2 9 31
2 65 72
1 12 o
1 55 b
1 74 m
1 7 o
2 2 16
1 73 v
1 49 e
2 17 64
2 13 69
2 46 75
2 6 69
1 68 n
1 52 i
1 12 p
1 14 i
2 27 48
1 56 f
2 59 76
2 3 29
2 11 58
2 16 31
1 34 j
1 47 r
2 37 44
1 68 j
1 71 c
2 14 17
1 47 c
2 43 64
1 72 a
2 18 58
1 2 v
1 4 t
2 29 46
1 10 m
1 71 y
1 43 y
2 34 35
2 46 52
1 7 y
1 66 b
2 4 12
2 3 6
2 19 67
1 61 x
1 26 q
1 6 r
2 26 67
2 4 75
1 37 b
2 2 70
1 8 j
2 8 61
2 17 47
2 4 69
2 32 35
1 69 y
2 39 47
1 13 c
2 2 15
1 72 d
1 64 w
1 47 o
1 37 s
2 49 50
1 41 m
1 1 q
1 49 x
2 35 55
2 46 47
1 74 e
1 18 b
2 19 65
1 27 v
1 63 f
1 35 e
1 49 c
2 26 51
1 41 f
2 26 45
1 9 w
1 35 f
1 27 j
1 23 m
1 52 g
2 5 49
2 27 39
2 55 56
2 44 49
1 13 c
1 55 p
2 40 50
1 35 j
2 5 74
1 40 p
1 34 f
2 33 44
1 18 n
2 5 64
1 49 s
1 34 j
2 7 8
2 50 59
2 3 29
1 38 m
2 47 72
1 18 h
2 47 69
1 76 k
2 3 6
2 33 55
1 71 f
2 67 75
1 19 k
2 12 48
1 55 i
1 11 h
1 19 f
2 7 49
1 9 h
2 3 44
1 44 w
2 1 32
1 34 y
1 58 t
2 24 61
1 68 e
1 3 y
2 10 65
1 61 g
1 74 k
2 57 69
2 29 71
1 23 j
2 18 60
1 73 i
2 3 17
2 2 29
1 69 k
1 63 z
1 42 r
2 34 52
2 27 57
1 34 a
2 3 33
1 40 c
2 22 59
1 4 c
2 9 33
2 19 30
2 21 61
1 24 o
2 54 59
1 52 k
2 36 57
1 73 u
1 60 r
1 70 k
2 15 75
1 31 f
1 13 b
2 5 40
1 47 a
2 70 75
2 5 63
1 45 q
1 75 l
2 12 73
2 63 71
1 36 w
1 7 z
1 27 f
1 24 j
1 63 t
2 35 70
1 58 k
2 4 27
1 58 j
1 42 n
1 50 p
1 58 p
1 47 a
2 37 68
2 4 48
2 52 72
2 9 73
1 48 d
1 10 u
1 33 y
1 67 v
2 10 29
2 39 69
1 33 r
1 21 f
1 72 c
2 6 70
1 44 z
2 4 44
1 4 t
1 41 t
2 25 65
1 20 n
2 22 56
1 37 q
1 12 d
1 15 i
1 30 l
2 11 46
1 7 t
2 37 59
1 8 c
2 54 66
1 15 m
2 34 36
1 32 e
1 41 j
2 11 49
1 28 m
2 11 69
2 66 76
2 17 42
1 2 c
1 59 d
1 32 b
2 45 76
2 55 62
2 25 35
1 66 p
2 25 72
1 32 a
1 72 u
2 11 68
2 25 60
1 10 n
1 61 e
1 35 e
1 53 b
2 57 65
1 74 n
2 9 48
1 69 e
2 22 27
1 37 h
1 31 u
2 4 39
1 35 l
1 62 l
2 44 67
2 18 30
1 64 k
2 13 52
2 55 74
1 17 f
2 21 46
2 49 52
2 30 55
1 2 s
2 10 14
2 10 22
1 72 u
1 23 h
1 25 g
2 16 71
1 6 g
2 45 65
1 44 d
1 16 s
1 23 g
2 48 72
1 11 u
2 52 70
1 28 p
2 7 72
2 44 62
2 53 66
1 33 q
2 14 15
2 26 31
1 55 y
1 40 y
2 23 65
1 17 n
1 30 a
2 5 47
1 16 u
1 60 o
2 51 65
1 23 e
2 27 66
1 47 t
2 16 72
2 7 14
2 37 58
2 48 66
2 23 40
2 21 75
1 25 h
1 52 j
1 3 o
2 12 32
2 14 28
1 7 n
2 6 46
2 17 63
2 16 20
1 3 p
2 2 34
1 12 y
2 14 24
1 52 d
2 33 60
2 53 67
2 48 58
1 24 h
2 16 47
1 25 l
1 70 i
2 32 74
1 72 g
2 20 41
1 56 z
2 6 25
1 6 n
1 58 r
1 8 h
2 32 51
2 38 67
2 16 49
2 49 51
1 53 p
2 34 66
1 14 p
2 24 32
2 17 31
2 48 75
1 51 g
2 24 29
1 56 h
2 21 72
2 33 58
1 34 y
1 11 i
2 8 58
1 39 r
1 42 a
1 16 j
1 55 q
1 60 q
2 60 70
1 62 w
1 19 y
1 3 u
2 4 52
1 28 t
1 23 x
2 4 69
2 45 67
2 26 73
2 23 67
1 15 n
1 29 w
1 23 o
1 63 l
2 8 74
1 37 f
1 51 b
1 48 j
2 46 66
1 51 l
2 55 65
2 40 71
1 23 l
1 67 e
2 7 62
1 19 o
2 42 72
1 71 n
2 48 57
2 40 70
2 35 52
1 17 b
1 11 c
1 5 g
2 46 71
1 51 s
2 12 60
2 14 47
1 50 o
1 14 x
1 44 m
2 64 68
1 52 l
2 30 67
1 51 x
2 3 36
1 47 v
1 30 g
2 39 41
1 39 r
1 19 y
1 34 o
1 40 m
2 53 56
2 10 34
2 45 51
2 24 65
2 45 58
2 15 75
1 68 n
1 15 l
1 76 n
2 3 70
2 48 73
2 2 55
2 36 54
1 48 t
2 21 76
2 36 42
1 2 n
2 62 76
1 58 v
1 75 t
1 16 h
1 21 s
2 22 73
2 24 61
1 64 t
1 45 j
2 9 53
1 8 m
1 62 z
2 36 71
1 32 v
1 48 a
1 29 z
2 15 26
1 66 m
2 14 70
1 27 v
2 14 45
1 59 q
2 34 44
2 2 65
2 4 18
2 37 44
1 41 m
2 53 59
1 75 r
2 9 11
2 1 31
2 4 46
1 51 v
2 13 59
2 17 36
2 6 76
2 20 62
2 25 69
2 12 54
1 31 g
1 44 b
1 8 y
1 2 d
2 57 76
1 71 l
1 65 l
2 50 57
2 37 58
1 20 q
1 21 k
1 58 s
2 36 64
2 28 48
1 27 r
2 38 51
1 27 y
1 48 e
1 46 s
1 58 f
1 15 f
1 14 g
2 36 44
1 33 k
1 34 f
2 32 45
2 26 39
1 31 x
1 6 m
2 57 72
2 22 40
2 14 29
1 9 h
1 73 n
2 26 38
1 54 q
2 6 13
1 71 d
1 54 b
2 19 69
1 21 d
1 59 r
2 3 22
1 43 l
1 73 w
2 9 13
1 33 s
1 29 f
1 55 i
1 70 s
1 20 r
2 60 68
2 13 22
1 55 e
2 8 16
1 42 s
2 3 43
2 29 57
2 33 52
1 66 p
2 41 56
2 12 41
2 29 38
1 74 v
1 71 w
1 7 d
1 75 n
2 9 42
1 50 a
2 37 48
2 27 70
2 68 73
2 23 75
1 3 y
2 31 60
1 45 w
2 8 28
1 71 x
1 58 b
1 24 w
2 2 74
1 4 g
1 25 o
2 1 12
2 45 48
1 21 r
2 59 61
2 8 32
1 11 c
1 1 q
1 29 z
2 37 55
1 37 a
2 43 66
1 27 t
1 52 z
1 56 n
2 26 53
2 23 72
1 65 n
1 74 c
1 20 w
1 25 b
1 42 e
2 2 53
2 14 36
2 4 16
2 20 70
1 51 p
1 18 w
1 43 a
1 21 w
2 25 54
1 68 u
2 25 29
2 2 72
1 21 g
2 41 56
1 58 n
2 44 52
2 26 65
2 15 16
1 5 l
2 51 69
2 45 53
2 39 55
2 23 29
2 16 19
2 56 57
2 34 63
1 56 i
1 76 z
1 57 m
2 44 69
1 63 x
1 32 a
2 18 46
2 3 27
2 15 56
2 12 57
1 13 v
1 62 z
2 3 38
2 30 73
2 44 71
1 25 o
2 24 56
2 10 74
1 66 s
1 53 j
1 68 z
2 39 65
2 20 73
2 23 67
1 48 t
2 12 61
1 45 e
1 76 n
2 23 51
2 11 35
2 37 76
2 24 40
2 17 71
1 8 k
2 28 35
1 17 b
1 52 f
2 36 48
2 43 52
1 31 b
1 63 s
1 18 h
1 22 r
2 38 68
2 6 37
2 4 33
1 20 v
1 59 x
1 43 c
2 25 42
1 14 c
2 15 19
1 21 k
1 28 z
1 11 z
1 35 y
2 57 67
1 48 v
1 4 d
2 12 26
2 14 27
2 50 65
2 15 75
1 6 e
2 66 73
1 66 d
2 1 49
2 11 75
2 38 69
1 73 n
2 38 43
2 11 56
2 36 65
1 50 d
1 58 h
2 8 62
2 13 57
1 6 n
1 40 b
1 74 i
2 45 62
2 22 67
2 70 74
1 66 w
2 5 43
1 71 b
2 69 76
1 25 v
2 1 39
1 50 n
2 34 59
2 1 67
1 48 q
1 68 s
1 41 y
1 46 i
1 63 r
2 41 66
2 13 66
1 7 i
1 57 u
2 47 51
2 5 66
2 18 38
1 18 o
1 2 v
1 70 o
1 18 n
1 23 p
2 39 63
1 8 w
1 15 p
2 13 58
2 17 68
2 25 28
1 10 k
2 21 67
1 8 q
2 1 67
1 52 m
1 74 j
2 14 29
2 29 39
1 42 c
2 9 45
1 48 z
1 6 q
2 16 52
2 8 60
2 49 72
1 75 n
2 26 52
2 5 60
1 74 f
2 35 44
1 2 n
2 31 71
2 9 23
2 35 73
2 16 68
1 24 a
2 55 74
2 50 75
2 37 57
1 43 w
2 22 58
1 38 b
1 20 h
1 27 i
1 62 q
1 12 w
1 48 h
1 50 z
1 73 a
2 43 64
1 36 c
1 34 b
1 69 h
2 50 54
1 2 k
2 5 36
1 67 b
1 30 z
2 36 66
2 18 71
2 75 76
2 2 20
1 11 s
2 36 59
2 4 54
2 63 73
2 18 36
2 44 72
1 2 k
1 9 f
2 21 36
2 35 38
1 55 n
2 53 75
1 7 d
2 42 54
1 9 k
1 23 x
1 18 c
1 49 v
1 63 q
1 44 p
2 11 59
2 37 54
2 12 60
1 18 b
1 66 b
1 19 s
2 38 40
2 23 49
1 38 p
1 60 k
1 29 a
1 5 b
1 25 b
2 22 38
2 9 10
2 16 69
1 50 d
2 17 44
1 47 d
1 30 y
1 68 b
1 25 e
2 42 72
2 31 31
1 11 m
2 13 19
2 58 59
2 34 37
1 28 q
2 24 63
2 8 25
1 51 a
1 43 q
2 14 49
2 6 28
1 41 z
2 3 65
1 46 t
2 6 39
2 42 72
2 6 31
1 65 g
2 6 68
1 57 v
2 64 70
1 24 t
1 60 b
1 45 v
1 51 j
2 58 60
1 74 n
1 11 e
2 22 71
2 44 69
1 59 r
1 3 q
2 49 52
1 48 q
1 52 d
1 19 h
1 16 i
2 30 59
2 9 76
1 49 r
1 5 i
2 37 52
1 49 r
2 9 67
2 6 9
1 11 u
1 43 q
2 18 56
1 44 u
1 2 n
2 36 67
2 13 60
2 41 53
2 11 62
1 10 h
1 33 c
2 41 57
1 12 y
2 1 26
1 47 b
2 1 73
2 14 73
2 6 38
1 33 w
1 31 e
1 3 g
1 59 y
1 31 y
1 14 q
2 33 51
2 40 51
1 35 h
2 4 13
2 49 69
2 5 15
2 35 53
2 45 73
1 12 h
1 69 i
1 36 a
2 6 68
2 61 65
2 26 44
1 30 n
2 19 67
2 3 45
2 10 58
2 21 72
1 41 y
1 34 r
2 10 15
2 46 73
1 1 t
2 41 70
2 60 75
1 39 a
2 32 47
1 54 l
2 43 47
1 55 m
2 8 57
2 11 40
1 45 w
1 15 w
2 8 59
1 42 y
1 43 d
2 22 54
1 62 f
1 37 y
1 33 n
1 64 h
1 60 o
2 28 76
2 37 64
1 68 i
2 42 68
2 19 40
2 4 67
1 43 m
1 14 n
1 30 x
1 37 a
2 27 64
2 10 63
2 68 70
1 38 v
2 53 60
2 40 56
1 73 i
2 4 27
1 27 d
2 56 60
2 28 47
1 25 o
2 52 75
2 8 61
1 46 y
2 16 33
1 70 s
1 56 d
1 44 l
2 4 66
1 31 d
2 22 27
2 53 74
2 12 61
2 3 60
2 49 70
2 5 38
2 2 2
2 20 73
1 68 a
2 2 73
2 50 76
2 2 58
2 18 29
2 37 57
2 2 23
2 49 68
1 70 d
1 6 r
1 63 p
1 9 j
2 15 37
2 9 27
2 22 51
1 39 a
1 68 r
2 18 69
1 38 b
1 1 c
2 31 51
1 3 s
2 12 31
2 11 41
1 13 f
2 39 71
1 67 i
2 18 56
1 64 y
2 1 43
1 21 s
1 66 w
1 27 m
2 46 49
2 25 68
2 55 63
1 41 g
2 52 55
2 70 71
1 25 x
1 22 c
1 11 e
2 13 31
2 7 58
1 19 h
2 13 75
1 32 s
2 16 37
1 20 x
1 32 l
2 5 26
2 36 67
1 60 e
1 69 v
2 9 28
2 31 46
1 53 f
2 23 35
1 41 z
2 4 54
2 32 51
1 55 z
1 54 q
2 34 54
1 27 v
1 47 a
1 3 j
2 23 68
1 71 m
2 57 67
1 33 v
2 5 60
1 15 i
1 47 q
2 6 33
2 8 61
1 2 a
2 39 75
1 15 a
1 35 h
1 29 q
1 2 w
1 42 l
1 37 f
1 58 s
2 11 68
2 23 73
1 59 r
2 18 32
2 7 76
1 5 r
1 6 f
1 7 w
2 22 44
1 24 w
1 45 w
2 26 41
1 5 z
1 74 e
1 38 e
2 33 44
2 6 48
1 28 l
2 34 37
2 21 42
1 63 z
1 19 w
2 53 76
2 55 69
1 43 f
2 44 51
2 8 21
1 36 e
2 47 48
1 72 h
1 34 b
2 38 73
2 31 57
2 12 15
1 7 o
1 13 u
2 9 62
2 30 54
1 24 u
2 28 49
1 52 l
2 19 50
2 64 65
2 10 56
1 42 a
1 22 u
2 49 75
1 53 w
1 22 k
1 13 t
1 24 v
2 20 42
2 41 47
2 43 59
2 3 55
1 73 q
1 59 r
2 58 73
1 45 b
1 55 p
2 4 69
2 31 32
2 26 48
2 16 57
2 55 56
1 26 g
1 50 o
2 21 49
2 5 76
2 66 69
2 1 7
2 14 63
2 48 58
2 16 28
2 32 54
2 25 61
2 2 48
2 8 35
2 35 49
1 66 w
1 54 s
1 7 z
1 65 q
1 73 v
1 59 g
1 68 x
2 46 58
2 48 55
1 51 i
2 39 65
2 60 60
1 32 u
2 4 75
1 55 u
2 17 38
2 42 43
1 58 x
2 35 52
2 40 44
1 30 n
1 50 k
1 4 w
1 73 f
2 34 75
2 27 71
1 18 m
2 9 47
1 42 y
1 33 c
2 43 62
1 16 z
2 32 36
2 17 64
1 58 l
1 53 u
2 29 34
2 52 60
2 34 65
2 8 34
1 73 w
1 5 x
1 74 h
2 15 47
1 6 c
1 54 e
2 54 73
2 13 38
2 38 69
1 8 q
2 67 68
2 26 67
2 1 63
1 31 o
2 1 39
1 41 c
1 24 p
2 13 72
1 29 x
2 31 48
1 69 c
2 3 64
2 8 23
1 52 y
1 23 b
1 6 u
1 30 r
2 14 68
2 46 67
1 57 n
2 27 46
2 65 75
2 67 71
1 3 v
1 7 j
1 29 z
1 14 h
1 9 a
1 48 i
2 23 48
1 41 r
2 15 74
1 3 q
2 14 75
1 45 c
2 14 19
2 32 40
2 44 55
2 10 16
2 10 66
1 57 p
2 6 63
2 5 37
1 5 x
2 1 13
2 4 41
2 4 76
1 51 v
1 40 r
2 30 48
1 62 s
1 40 v
2 44 71
2 54 69
1 18 a
1 4 m
2 11 54
1 75 q
2 62 72
2 9 50
2 36 68
2 48 60
2 34 51
1 27 u
1 44 l
1 23 i
2 21 26
1 18 l
1 19 i
2 48 50
2 66 74
2 46 59
2 27 37
1 10 l
1 26 c
1 38 e
2 8 73
1 63 e
1 62 f
2 16 18
1 71 a
1 48 j
1 71 b
2 14 31
1 57 p
1 41 k
2 34 51
1 68 r
1 58 l
1 3 b
2 9 32
1 35 z
1 57 h
2 52 53
1 69 n
2 67 71
2 57 67
1 62 r
2 28 56
1 4 i
1 28 w
2 23 74
2 39 76
1 67 a
2 50 67
1 17 n
1 49 d
2 14 75
1 32 k
1 69 s
2 29 72
2 12 47
2 11 75
2 29 65
1 54 d
1 37 y
1 32 v
1 52 d
2 7 65
1 8 u
1 12 r
2 11 60
1 55 x
1 11 g
2 20 24
2 16 52
2 49 58
2 34 37
1 32 n
2 5 37
1 35 n
2 10 42
1 2 v
1 68 l
2 12 21
2 38 66
2 26 29
1 6 p
2 3 36
1 62 m
2 1 24
2 60 62
1 1 h
2 14 54
2 52 66
2 27 57
2 57 74
1 51 l
2 40 59
1 22 g
1 34 h
2 24 38
2 37 43
2 6 14
2 46 60
2 70 74
2 6 47
2 67 67
1 18 g
2 17 65
1 24 h
2 11 14
2 48 51
1 43 j
2 27 57
1 75 o
1 16 t
1 4 c
2 10 15
2 30 71
2 13 70
2 38 69
1 31 n
1 43 h
2 2 75
1 13 l
2 13 59
1 57 j
2 52 55
2 8 59
2 13 42
2 40 48
2 14 37
2 17 32
2 7 42
2 24 36
2 34 74
2 17 56
1 17 h
1 45 l
2 3 48
1 38 s
2 1 64
2 20 64
2 22 67
2 27 51
2 21 52
1 39 s
1 61 w
2 14 66
2 14 38
2 19 44
2 1 12
1 47 o
2 11 24
2 33 35
2 38 52
1 62 c
1 31 g
1 24 s
1 62 c
2 10 55
2 10 57
2 48 69
2 51 54
1 30 f
2 6 44
2 30 76
1 40 f
2 54 57
2 35 37
2 34 75
1 40 b
2 19 52
2 48 57
1 4 w
1 57 l
1 43 b
1 7 i
1 53 v
2 39 45
2 44 71
2 13 17
1 70 r
2 11 38
2 44 50
2 60 69
1 66 z
1 22 e
1 63 i
1 12 h
1 42 q
2 6 46
2 58 65
1 74 s
1 40 w
1 14 p
2 21 54
1 74 i
2 19 42
2 14 41
1 59 s
2 30 55
1 31 u
2 5 21
2 12 34
2 46 67
1 24 r
1 62 y
2 25 45
2 22 66
1 18 i
1 2 q
2 71 76
2 24 70
2 62 64
2 57 60
1 29 d
2 10 41
2 40 48
1 40 r
1 19 s
2 32 74
2 12 55
2 6 43
1 8 j
1 39 d
2 46 63
1 66 a
2 5 46
1 2 s
1 75 j
1 10 c
1 43 k
1 7 e
2 55 74
2 27 59
2 6 39
1 20 r
1 55 g
2 3 55
1 11 d
1 22 a
2 15 59
1 38 d
2 2 24
2 2 9
1 6 w
2 44 74
2 11 37
2 10 52
1 26 i
1 62 k
1 6 z
1 66 n
2 20 28
1 22 z
1 70 s
1 58 y
1 34 y
2 15 15
1 17 h
2 3 44
2 12 70
2 5 51
2 18 53
1 13 v
2 23 76
2 2 56
2 20 38
1 31 o
2 72 73
1 2 j
2 9 72
1 3 p
1 27 b
2 4 64
2 9 74
1 24 g
2 29 75
2 38 49
2 72 72
2 42 43
2 31 68
2 10 20
2 36 60
2 27 59
1 55 z
1 69 l
2 3 6
1 34 p
2 8 36
1 73 k
2 32 75
1 73 q
1 21 q
2 1 51
1 45 n
2 10 53
2 37 47
2 23 41
2 35 44
1 30 n
2 13 26
1 2 p
2 33 36
1 38 x
2 39 54
2 39 71
1 27 e
1 33 q
1 43 c
2 23 42
1 74 o
1 28 v
2 37 71
2 42 59
1 22 u
2 21 45
2 30 65
1 10 z
1 75 r
1 23 g
1 28 o
1 12 j
2 37 48
1 41 q
2 59 63
2 6 26
1 19 o
1 53 v
2 27 75
2 61 68
1 74 a
1 51 v
1 67 p
2 4 36
1 45 a
2 27 70
1 61 n
2 7 37
1 36 x
1 31 s
2 2 31
1 56 u
2 24 60
2 45 68
1 18 b
2 35 42
2 27 52
2 8 42
2 5 45
2 16 40
2 43 54
2 62 66
2 17 56
1 9 r
1 25 i
2 1 76
1 4 t
2 28 68
2 32 68
1 19 x
2 36 37
1 48 s
1 62 l
1 21 g
1 15 y
1 47 u
1 76 r
1 23 y
1 63 i
1 72 s
1 20 m
1 7 c
1 38 b
2 3 31
1 72 s
1 44 u
1 45 q
1 2 p
1 39 v
1 65 q
1 30 v
2 8 19
1 9 x
1 30 l
1 44 i
1 39 c
1 17 i
2 19 39
2 51 68
2 52 61
2 57 68
1 10 j
1 12 r
2 20 50
1 50 l
2 23 28
1 38 u
1 51 y
1 46 r
1 30 u
1 56 k
1 51 v
2 70 72
1 27 z
1 67 q
1 3 x
2 56 70
2 25 38
1 7 p
1 35 t
1 23 m
2 31 35
1 19 e
1 56 b
2 22 43
1 3 e
1 35 r
1 18 j
2 1 31
2 2 20
1 48 g
2 26 37
2 11 12
1 75 i
1 44 t
1 41 a
2 2 29
1 13 g
2 49 74
2 30 40
2 10 43
1 69 j
1 76 d
1 75 l
2 22 43
1 61 c
1 69 h
2 1 20
1 48 i
1 49 f
2 44 45
2 9 35
1 9 t
2 26 34
1 31 a
2 11 46
1 60 e
2 13 64
2 20 73
2 58 59
1 11 x
2 37 47
1 26 z
2 41 47
1 55 a
1 28 x
1 58 g
2 12 44
2 27 43
2 49 55
2 61 66
2 3 38
2 8 20
1 74 f
1 56 a
1 60 n
1 21 q
1 72 p
1 69 m
2 6 43
2 13 50
2 33 54
2 20 53
2 29 48
2 51 67
2 14 49
2 6 18
2 21 49
2 24 53
2 33 42
1 18 i
2 41 67
1 25 p
1 45 p
2 36 41
2 6 16
1 13 c
2 3 23
2 4 40
2 12 56
1 69 w
1 58 s
2 27 36
1 66 z
2 55 56
1 48 f
1 71 s
1 70 s
2 26 31
1 60 s
1 53 j
1 27 b
1 40 n
1 15 m
2 16 46
2 17 63
2 18 68
2 14 20
2 29 48
1 1 y
2 20 49
1 1 c
1 14 f
2 16 59
2 6 65
2 47 73
2 34 70
1 7 s
2 67 69
2 8 19
2 15 26
2 7 26
1 58 y
2 5 62
1 51 k
2 2 67
2 27 47
2 14 40
1 65 x
2 5 70
2 19 30
2 4 54
2 8 29
2 18 57
1 41 y
2 33 60
2 58 68
1 59 l
1 65 b
2 15 23
1 3 b
1 11 s
2 11 57
2 67 71
2 30 52
1 8 m
1 46 g
1 16 p
2 33 63
1 33 z
1 35 r
2 12 13
1 22 g
2 1 8
1 70 v
1 63 q
1 31 s
2 25 28
2 14 32
1 64 v
1 34 b
1 23 h
1 15 y
2 13 59
2 34 42
2 25 39
2 21 24
2 31 45
2 17 32
1 70 t
1 61 b
1 71 k
2 16 45
1 34 a
2 32 41
2 7 55
2 13 45
1 37 h
1 26 s
2 58 73
1 22 e
2 56 61
1 19 c
2 43 72
2 22 47
2 3 68
2 9 40
2 5 6
2 35 49
1 73 f
1 8 o
2 61 70
1 23 p
2 1 63
1 54 c
2 29 44
2 45 71
1 3 h
1 29 c
2 22 51
2 62 73
1 46 g
1 60 h
1 76 g
2 23 48
2 7 66
2 18 75
1 19 f
1 51 u
2 48 60
2 8 58
2 32 43
1 65 p
1 40 u
2 54 58
2 47 70
2 25 38
1 61 n
1 36 c
2 48 70
2 15 52
2 14 41
2 7 61
1 29 t
2 50 63
1 60 z
1 25 y
2 30 73
1 40 e
1 16 a
1 32 x
2 5 69
2 23 71
1 12 r
2 42 66
1 19 i
1 19 f
2 17 27
1 59 c
2 28 61
2 14 44
2 40 65
2 18 26
2 40 75
2 69 72
1 30 h
2 13 21
2 36 52
1 3 k
1 47 p
2 10 28
1 19 d
2 66 76
2 19 51
2 20 69
1 2 s
1 1 q
1 37 y
2 14 54
2 29 49
1 52 v
1 22 j
2 10 63
1 5 v
2 7 46
1 35 t
2 31 43
2 19 19
1 18 e
1 74 q
1 67 q
1 28 k
2 7 21
2 13 66
1 40 f
2 23 25
1 69 c
2 11 69
2 6 61
2 7 18
1 17 i
1 11 h
1 35 y
1 38 j
1 29 u
1 7 l
1 56 c
2 14 36
2 12 76
1 63 t
2 24 35
2 25 29
2 11 25
2 11 46
2 15 44
1 66 a
1 22 o
1 43 i
1 4 z
2 8 36
1 48 n
2 38 76
1 70 b
2 20 70
1 17 o
1 20 l
2 2 4
2 3 74
1 30 r
1 17 g
1 71 e
2 6 50
1 13 m
2 54 72
1 55 x
1 38 y
1 44 s
1 11 u
1 7 h
1 58 s
2 9 73
1 42 e
1 19 w
2 70 75
1 42 a
2 7 58
1 40 r
2 19 20
1 36 k
1 41 s
2 25 48
1 74 e
2 9 56
2 7 20
2 52 73
2 18 49
2 24 56
2 52 61
2 24 70
1 35 n
2 18 69
2 6 14
1 76 q
1 71 f
2 9 61
2 30 44
2 21 35
2 15 41
1 51 e
2 45 54
2 17 51
1 7 d
1 62 c
1 34 f
2 28 47
2 49 76
2 22 36
1 41 k
2 17 39
1 76 f
2 6 37
1 55 c
2 30 43
2 41 42
2 2 48
1 17 z
2 30 58
2 21 41
2 63 65
1 65 q
1 11 k
2 2 12
1 2 t
1 73 h
1 47 y
1 17 z
2 3 57
1 5 v
1 9 n
2 1 28
2 26 37
1 52 t
1 50 w
2 21 52
1 38 r
1 64 n
2 18 53
1 28 j
1 40 v
1 60 u
2 26 38
1 4 o
1 6 y
2 51 59
1 5 n
1 23 e
1 50 d
1 5 p
1 74 k
1 5 m
1 16 g
2 27 53
2 50 53
1 50 k
2 16 53
1 45 n
1 6 t
1 21 c
1 51 b
2 46 50
1 39 a
1 36 g
2 7 66
1 28 z
1 3 w
2 19 39
1 5 g
1 35 e
1 47 a
1 40 c
2 5 32
1 36 n
1 9 a
2 34 58
1 75 o
2 33 40
1 59 p
2 73 74
2 61 68
1 58 z
2 29 67
1 6 n
1 53 j
2 10 34
1 39 f
2 39 46
1 46 c
1 30 k
1 19 c
2 21 56
2 11 45
2 10 24
2 57 57
2 65 68
1 3 l
2 8 13
2 18 34
2 3 12
2 12 32
1 31 r
1 64 m
1 18 x
1 48 t
2 20 26
2 22 26
2 17 59
2 50 62
1 11 i
1 24 s
1 1 k
2 27 49
2 16 62
2 18 42
2 1 5
1 13 n
1 43 n
2 31 71
1 22 p
2 43 43
2 13 67
2 5 72
2 1 11
1 38 t
1 3 e
2 2 65
2 13 51
1 39 u
1 40 d
1 41 m
1 48 r
2 34 67
2 20 57
1 37 q
1 18 u
2 67 71
1 37 b
2 23 51
2 48 50
1 56 t
2 3 47
2 10 24
2 16 49
1 21 x
2 6 51
1 5 g
2 24 29
1 57 a
2 18 25
1 52 s
2 16 16
1 3 j
2 60 72
1 57 m
1 38 j
1 18 u
1 39 o
1 65 i
1 2 z
1 23 q
1 60 v
2 23 76
1 70 h
1 51 u
2 30 51
2 8 65
1 54 o
2 38 53
2 7 10
1 51 f
1 8 g
1 74 o
2 39 52
2 62 72
1 19 x
1 57 t
1 48 l
1 38 i
2 61 61
1 12 t
2 28 72
2 8 11
1 28 h
2 11 13
1 45 v
2 21 55
1 3 p
1 70 g
1 12 r
2 16 53
2 39 49
2 13 40
2 22 69
1 1 y
2 7 66
2 5 39
1 75 m
2 31 70
1 36 y
1 74 f
1 15 s
1 42 m
1 59 z
2 34 67
1 6 h
2 50 62
1 10 e
1 1 f
2 1 37
1 19 x
1 68 w
1 10 z
1 65 l
1 61 w
2 7 68
2 14 29
1 55 z
1 24 i
1 48 x
1 48 f
2 45 63
2 15 22
1 25 l
2 26 43
2 24 70
1 46 m
1 11 a
2 39 43
2 4 22
1 73 q
1 11 e
2 28 34
1 54 n
1 49 s
2 19 44
2 68 74
2 1 17
2 8 48
2 27 73
2 65 73
2 27 56
1 44 x
1 23 k
1 19 p
1 7 u
1 55 g
2 62 63
1 8 q
1 11 e
1 6 q
2 7 52
1 50 o
2 13 39
2 4 4
2 64 70
2 50 71
1 52 d
1 38 t
2 51 65
1 41 g
2 53 54
2 55 69
1 60 c
2 3 42
2 43 54
1 39 x
1 52 k
1 35 y
2 46 74
2 27 62
1 68 q
2 11 76
1 21 f
2 60 71
1 52 v
1 39 n
2 34 68
2 20 62
2 25 67
1 25 g
2 26 51
1 3 k
2 24 43
1 39 i
1 57 z
2 1 75
2 19 28
1 56 g
2 37 52
2 48 49
2 32 71
1 8 n
1 38 k
2 3 73
2 9 44
1 1 t
1 67 e
1 68 e
1 47 r
2 6 42
1 44 i
1 58 w
1 55 z
1 5 u
1 62 g
1 22 f
1 58 v
2 14 51
1 50 m
1 40 q
2 13 61
1 14 t
2 3 61
1 32 d
2 13 36
1 76 x
2 15 19
2 16 25
2 8 38
1 59 a
2 16 19
1 27 e
2 37 67
1 29 g
1 71 f
1 11 t
2 24 50
1 59 m
1 6 j
1 40 z
2 71 73
2 44 57
1 3 g
2 8 38
2 24 47
2 64 66
1 57 q
1 72 o
1 49 r
2 6 43
1 39 n
2 32 32
2 6 59
2 2 14
1 28 l
1 8 a
1 47 f
1 36 d
2 3 20
1 28 t
1 20 r
2 5 18
1 34 y
1 17 r
1 15 d
2 37 50
1 29 w
1 46 e
1 68 r
1 17 p
2 37 65
1 51 c
2 12 68
1 58 f
2 55 63
2 15 45
2 21 63
2 6 74
2 53 64
1 70 h
2 49 50
2 56 65
2 40 50
1 3 e
1 5 g
2 41 43
2 25 52
2 70 71
1 15 o
1 7 r
1 76 e
1 63 d
2 36 59
2 72 73
2 6 71
1 22 x
2 17 30
2 7 61
2 17 32
1 41 p
2 41 53
2 2 60
2 34 38
1 30 z
2 15 63
2 6 16
1 17 m
2 39 71
2 3 50
1 62 p
2 35 71
2 38 50
1 64 s
1 57 q
1 34 p
1 49 p
2 17 69
1 55 z
2 18 23
1 65 g
2 20 76
2 1 47
1 74 r
1 37 b
2 33 54
2 13 31
2 1 30
1 66 y
2 51 71
2 16 61
2 20 49
2 5 26
2 33 48
2 17 70
2 3 29
2 5 36
1 23 f
1 30 v
1 24 g
1 68 v
2 7 64
1 25 n
1 21 k
1 34 z
1 27 v
1 46 o
1 75 x
1 62 m
1 6 g
2 58 61
1 69 z
2 13 35
1 6 t
1 30 u
1 70 a
2 48 62
2 15 44
1 33 q
1 68 f
2 22 36
2 56 76
2 7 13
1 19 b
2 7 63
1 44 v
1 37 t
1 60 o
2 38 70
1 68 o
2 37 73
2 60 72
2 58 69
1 12 s
1 23 x
2 42 57
2 25 75
2 35 69
2 34 55
2 6 54
2 8 66
2 20 41
2 3 74
2 22 64
1 32 y
2 14 62
2 32 43
1 47 p
2 11 30
2 20 51
1 53 q
1 73 l
2 35 61
2 7 20
2 28 61
2 23 54
1 31 w
2 25 31
2 20 67
1 61 a
2 18 28
2 29 38
1 40 u
1 10 n
1 65 x
2 3 41
2 8 55
2 10 42
1 4 t
2 25 73
1 61 e
2 10 69
2 14 44
2 34 72
1 66 m
1 67 q
1 8 g
1 59 t
1 3 s
2 41 70
1 6 a
1 69 o
1 72 k
2 34 58
1 39 t
2 51 51
1 41 y
2 8 34
2 11 43
2 1 75
1 33 g
2 11 25
2 30 59
1 21 j
2 1 66
2 36 36
1 36 i
2 2 73
2 64 72
1 69 k
1 5 y
1 3 v
2 11 76
2 43 76
1 69 u
2 9 39
2 13 73
2 6 29
1 52 u
2 9 17
1 22 j
1 28 w
2 36 57
1 51 w
2 40 42
1 49 s
2 50 52
1 9 p
2 10 49
1 68 b
1 17 o
1 59 h
2 6 7
1 42 g
2 56 57
1 54 o
1 22 f
1 28 w
2 25 51
2 24 75
1 48 c
1 20 f
2 40 62
2 19 66
1 33 g
2 13 49
1 7 u
2 20 76
1 28 x
1 26 q
1 22 v
1 8 s
1 37 o
2 39 65
1 67 b
2 31 49
2 44 51
1 57 l
2 2 64
2 12 15
1 12 c
2 47 68
1 3 p
1 40 t
1 10 l
2 15 69
2 41 59
2 12 52
1 42 x
2 13 29
2 12 76
1 25 p
2 27 44
1 69 x
1 42 r
2 33 44
2 10 32
1 64 t
1 57 q
2 23 56
2 28 61
2 7 19
1 8 w
2 17 40
1 35 p
1 51 c
2 24 36
1 55 s
1 36 l
1 39 e
1 40 f
1 15 o
2 24 59
1 23 j
1 48 d
2 14 34
2 26 43
1 1 e
2 17 32
1 55 s
2 23 54
1 52 j
2 69 73
2 36 57
2 37 72
2 27 43
1 70 a
1 55 l
1 54 v
2 41 55
2 20 38
1 64 w
1 50 r
1 41 a
2 53 68
2 19 29
1 60 g
1 18 r
1 24 c
1 73 f
1 68 d
1 14 l
2 24 47
2 49 61
2 17 51
2 16 48
1 33 r
1 53 k
1 68 k
2 29 76
2 9 10
2 6 64
2 27 44
2 32 63
1 65 i
1 69 b
1 59 n
2 12 38
2 8 48
2 31 48
2 2 46
2 62 67
2 14 42
2 22 46
2 19 56
1 57 q
1 66 w
1 38 o
2 20 34
1 50 p
2 40 55
2 52 65
1 55 r
1 54 p
1 53 p
2 11 49
2 66 75
2 15 37
1 72 o
1 58 w
1 22 c
1 28 r
1 2 x
1 65 s
2 45 74
2 3 49
1 21 x
2 20 31
1 36 t
1 11 p
2 28 70
1 48 l
2 64 68
2 2 21
2 22 65
1 69 l
1 10 x
2 2 27
2 63 73
2 34 52
2 15 30
2 14 19
1 19 m
1 9 d
2 1 1
2 23 42
2 4 19
1 7 t
2 9 38
2 21 71
2 65 67
2 44 71
2 37 39
2 10 14
1 61 e
1 20 b
1 31 a
1 23 h
2 50 72
2 30 31
1 12 l
2 17 51
2 23 45
2 10 18
1 10 r
1 23 v
1 51 o
2 29 65
1 57 e
2 39 56
1 16 w
2 6 76
2 14 24
1 2 l
1 14 v
2 59 75
2 52 75
2 18 53
1 71 d
2 14 36
2 7 14
2 28 61
1 13 v
1 67 m
1 12 g
2 48 55
1 3 q
1 21 v
1 16 c
1 58 r
1 30 x
1 75 h
2 43 53
2 49 52
1 75 i
1 2 r
2 28 58
1 37 l
1 49 f
2 21 71
2 6 31
2 26 39
1 2 k
1 7 n
1 48 v
1 14 l
2 3 54
1 34 m
2 60 76
2 5 62
2 15 17
2 54 76
1 24 u
2 7 70
2 13 23
1 11 a
1 4 f
2 60 72
2 58 69
1 2 a
1 75 z
1 75 f
1 67 o
2 4 31
2 20 53
1 48 f
1 75 y
2 37 71
2 12 56
1 12 d
2 20 66
2 18 56
2 31 41
1 48 t
1 44 c
1 23 q
1 21 z
1 68 n
1 72 t
1 34 z
1 8 k
2 38 49
1 31 o
1 45 x
2 44 54
1 34 e
1 39 g
2 8 64
2 3 14
2 22 52
2 14 25
1 1 d
1 26 w
2 25 26
2 23 59
2 7 12
1 55 a
1 22 u
2 42 55
1 61 e
1 12 f
2 4 24
2 52 66
2 23 34
2 17 30
1 42 p
2 16 56
2 5 52
2 22 47
1 14 v
1 56 k
1 64 c
1 59 m
2 32 72
1 17 f
1 10 h
2 39 44
2 31 47
2 63 66
2 58 59
2 24 45
2 39 72
1 11 v
2 1 71
1 4 c
2 43 60
1 47 m
1 24 m
2 8 72
1 37 o
1 32 s
1 12 m
1 27 o
2 15 41
2 18 50
2 25 40
1 69 g
1 49 s
1 44 s
1 3 x
1 58 y
1 26 h
2 53 55
1 11 v
2 18 18
2 48 53
2 41 47
1 64 h
2 4 11
2 35 45
1 74 l
1 63 h
2 26 55
1 64 k
1 62 s
1 18 t
1 10 x
2 30 32
2 54 67
1 21 l
2 21 42
2 9 50
1 37 s
2 12 29
2 63 73
1 36 e
1 29 a
1 54 v
1 28 p
1 73 c
1 48 j
1 35 o
1 13 w
2 67 67
2 16 62
1 43 k
2 7 60
2 2 56
2 44 73
2 31 66
1 60 a
2 47 48
2 5 24
2 53 69
1 67 u
1 45 w
1 17 j
2 17 57
1 14 j
1 66 v
1 16 m
1 20 y
1 12 g
2 21 34
2 14 21
2 50 58
1 18 c
2 20 46
1 47 m
2 46 63
2 23 70
1 55 j
1 14 w
2 21 32
2 22 55
1 37 a
2 56 73
1 24 d
2 37 41
2 14 30
2 16 74
2 15 28
2 18 63
1 61 b
1 58 y
2 17 75
1 59 r
1 47 f
2 11 51
1 60 p
1 34 c
1 25 d
1 25 b
1 27 y
1 39 r
1 13 a
2 23 62
2 26 27
1 19 b
1 41 u
1 60 s
1 27 z
1 8 e
2 42 49
1 8 i
1 54 d
2 32 48
2 29 70
2 37 74
1 30 c
1 29 r
1 6 t
1 31 u
1 9 u
1 33 i
2 8 43
1 7 c
1 71 h
2 26 66
2 4 7
2 24 36
1 21 s
2 1 46
2 45 59
1 2 o
1 25 z
1 33 t
2 29 60
1 5 b
1 2 n
2 58 71
2 15 60
1 12 o
2 21 46
1 21 d
1 18 u
1 41 s
1 62 z
2 33 67
1 54 g
2 9 45
1 54 x
1 65 y
1 26 f
1 38 r
2 57 60
1 39 n
1 50 n
1 35 j
2 3 64
1 69 z
2 72 76
2 5 10
1 43 y
2 8 76
2 12 59
1 26 f
1 19 z
2 38 43
2 12 34
2 15 31
1 67 j
1 2 w
1 32 n
1 16 u
2 2 48
2 18 33
1 3 f
2 5 41
2 42 63
1 13 d
1 32 w
2 21 66
2 42 43
1 48 m
1 72 p
1 60 u
2 12 36
2 36 67
1 14 e
1 19 c
2 8 38
2 27 58
1 38 n
1 57 s
1 63 r
1 53 y
2 9 31
1 61 w
1 71 z
2 39 67
1 24 q
2 48 69
1 74 a
1 12 s
2 21 40
1 15 f
2 29 67
1 48 d
1 74 d
1 72 i
2 45 49
1 32 x
1 47 j
2 40 51
2 25 73
2 30 30
1 55 g
1 73 s
1 42 q
2 11 40
2 20 31
1 41 q
1 54 t
1 7 j
2 5 24
1 68 f
1 48 s
2 3 10
1 73 x
1 28 o
1 43 a
1 58 q
1 72 x
2 15 34
1 62 k
2 11 46
1 47 f
1 5 q
2 2 21
2 11 27
2 6 43
2 15 30
2 43 56
2 53 63
1 72 g
2 6 38
1 29 v
2 40 74
1 39 z
1 62 u
1 20 k
2 3 51
2 6 63
2 27 72
1 55 h
2 35 53
2 53 57
2 43 50
1 66 a
2 22 61
1 66 l
1 57 u
2 46 55
2 36 49
1 68 x
2 55 74
1 20 o
2 3 50
1 2 e
1 35 c
2 48 62
1 9 e
1 39 p
2 1 65
2 5 44
1 33 e
1 6 t
1 59 j
2 10 34
1 56 s
1 24 e
1 26 e
1 24 r
1 6 m
2 27 40
1 4 b
2 29 57
1 15 h
1 3 h
2 2 47
1 9 b
1 66 f
1 49 b
1 74 u
2 65 68
2 12 36
2 15 65
2 24 49
1 26 w
2 39 62
2 31 51
2 14 20
1 69 w
2 34 40
2 6 40
1 30 n
2 17 51
2 11 33
2 45 59
1 64 i
2 56 75
1 20 x
1 7 z
1 37 q
1 41 k
1 60 p
1 44 t
2 5 26
1 40 l
2 32 70
1 14 n
2 20 67
1 5 n
2 44 60
1 5 f
2 3 31
2 29 50
1 5 u
2 18 54
1 4 m
1 38 g
2 8 11
1 37 l
2 12 16
2 55 75
1 14 k
2 34 73
1 38 a
2 34 65
2 42 61
2 26 69
1 55 d
1 75 k
1 67 d
1 51 d
1 43 k
1 20 l
2 17 40
1 27 m
1 4 h
1 25 n
2 8 23
2 15 28
1 52 r
1 19 g
2 34 58
1 22 x
2 10 31
1 44 s
1 26 v
1 67 o
2 30 59
1 3 a
2 9 71
1 36 k
2 23 55
1 18 m
2 11 26
1 42 l
1 10 g
2 32 70
2 21 61
2 39 66
2 18 54
1 27 n
2 26 47
2 6 12
2 73 76
1 35 y
1 73 u
2 31 71
1 27 n
2 20 55
1 57 z
1 76 o
1 40 k
2 46 62
1 63 v
1 44 k
1 5 m
1 75 v
1 66 x
2 8 16
1 3 t
2 1 13
2 43 55
2 23 69
2 53 64
2 10 63
2 18 37
1 52 r
2 9 47
2 20 74
1 44 i
1 37 h
2 41 55
1 33 s
2 2 19
2 2 43
2 27 53
1 28 m
1 16 j
1 4 u
1 61 j
1 62 d
2 2 41
1 7 n
1 10 o
1 34 z
1 52 n
1 55 g
2 35 69
2 10 23
2 69 69
2 7 27
2 39 74
2 1 23
2 32 44
2 3 8
2 59 74
2 14 36
1 35 i
1 36 q
2 15 15
1 54 f
2 50 65
1 21 t
1 18 i
2 32 67
2 36 61
2 10 46
1 1 z
1 42 w
2 35 52
1 70 z
1 3 l
2 18 60
2 45 69
1 27 w
2 32 56
2 44 45
2 26 71
1 8 y
2 16 16
1 61 h
2 4 15
1 32 t
2 22 51
1 34 v
2 34 73
2 6 44
2 25 72
2 6 43
1 44 d
2 27 64
1 16 y
1 47 o
2 7 49
2 31 55
2 59 64
2 17 37
1 52 h
2 15 69
2 8 34
2 26 54
2 45 65
2 20 30
1 23 b
1 24 e
1 52 o
1 68 s
2 5 63
2 14 23
1 6 p
2 18 34
1 64 z
2 13 56
1 62 e
2 5 33
1 18 n
2 20 21
1 29 n
2 8 46
2 2 9
2 3 37
1 1 s
2 50 73
2 5 36
1 36 c
2 18 36
1 69 c
1 43 q
2 2 53
1 76 k
2 16 34
2 7 75
1 63 o
2 59 75
2 19 61
2 25 35
2 10 18
1 50 y
1 59 l
1 9 b
1 47 d
1 36 d
2 33 62
1 60 a
2 1 56
2 20 35
1 64 s
2 20 68
2 11 64
1 43 e
2 43 71
2 68 71
2 25 71
2 32 63
2 66 69
2 9 49
1 15 v
2 9 23
1 5 w
2 27 39
2 49 65
2 6 12
2 5 49
1 56 d
2 49 72
1 15 e
2 2 45
1 74 j
1 63 k
1 16 q
2 22 46
2 61 67
1 28 c
2 10 73
1 69 u
1 15 z
2 21 53
2 6 59
2 12 68
2 20 45
1 11 u
1 26 p
2 1 74
1 63 r
1 8 t
2 33 56
2 58 62
1 8 h
2 14 31
2 4 6
2 12 22
1 1 c
2 5 44
2 1 16
2 6 70
2 25 66
1 60 i
1 19 j
1 76 c
2 43 45
2 24 56
2 20 37
2 15 44
1 39 n
1 46 g
1 54 g
2 40 75
2 1 68
1 72 e
1 74 y
2 46 67
1 10 l
2 45 61
2 23 25
2 30 74
1 5 s
2 36 56
1 58 w
2 21 31
1 31 a
1 11 k
1 53 m
2 8 16
2 47 51
1 58 n
2 1 59
2 20 70
1 22 y
1 56 g
1 46 t
1 25 b
1 34 d
2 22 72
2 32 71
2 9 62
2 45 70
2 6 44
2 70 74
2 26 66
2 45 75
2 40 41
1 17 l
2 44 52
1 69 l
1 12 h
2 38 56
2 43 63
2 32 58
1 57 l
2 27 55
2 10 40
1 40 s
1 66 x
2 47 58
2 24 76
1 12 w
2 45 68
1 54 b
1 31 x
2 13 54
2 74 74
1 36 k
1 27 m
1 55 f
1 74 v
1 51 i
1 53 m
1 11 v
2 31 53
1 29 e
1 2 y
1 3 c
2 42 57
1 7 d
2 56 65
1 33 u
2 17 27
1 56 j
1 34 i
1 51 w
2 7 19
2 20 36
2 45 51
2 29 55
1 57 j
1 39 x
1 21 t
1 44 f
1 64 i
1 5 g
1 47 r
2 28 45
1 65 t
1 38 h
1 10 v
2 26 28
2 66 71
2 34 53
1 10 q
2 8 43
1 57 u
1 39 c
2 27 60
2 31 67
2 31 59
2 23 53
2 41 74
2 63 70
1 2 q
1 67 w
1 26 n
1 6 k
2 49 71
1 4 s
2 30 44
2 13 45
2 38 66
2 47 47
1 63 z
2 48 56
2 17 25
1 28 d
1 57 h
2 22 62
1 17 q
2 44 51
1 50 i
1 19 j
1 26 t
1 4 b
2 31 32
1 27 s
2 13 72
1 69 v
2 43 46
2 62 64
2 11 46
2 55 73
1 40 s
2 3 72
2 25 54
1 25 x
1 63 o
2 29 64
1 20 w
2 51 72
1 59 m
1 13 c
2 8 25
2 30 37
2 2 66
1 31 r
1 52 t
2 59 75
1 40 c
1 35 r
2 4 34
1 35 w
2 44 53
1 6 z
2 33 37
2 8 9
1 31 i
1 10 l
2 19 45
2 2 21
1 6 m
1 65 d
2 1 48
1 25 o
2 24 47
1 73 z
1 25 z
2 29 43
2 6 57
1 32 d
2 11 34
1 62 c
1 30 j
2 26 43
2 23 36
1 45 x
1 15 z
1 33 p
2 3 22
2 8 72
1 40 c
1 51 j
2 10 45
2 3 34
1 3 r
2 11 67
1 66 e
1 17 p
1 16 d
2 21 28
1 19 m
2 38 46
1 23 p
2 7 41
1 14 u
2 28 32
1 24 x
2 9 18
1 18 l
1 20 b
2 16 23
1 33 v
2 11 69
2 12 54
2 8 73
2 1 69
1 68 j
2 70 76
1 12 r
2 18 41
1 8 p
1 73 u
1 14 u
2 40 71
2 11 49
1 69 a
2 35 71
2 1 27
2 53 72
2 8 57
2 2 55
1 26 d
1 39 d
1 1 w
2 14 41
1 7 f
1 1 e
2 28 30
2 23 58
1 41 q
2 55 57
2 41 60
1 29 m
2 22 59
1 14 y
1 49 c
1 54 y
1 2 p
1 62 q
2 30 31
2 28 29
2 2 71
1 10 k
1 40 l
1 17 r
2 10 34
1 46 f
1 70 p
1 40 g
2 9 45
1 47 t
1 55 e
2 37 38
2 31 45
1 23 z
1 76 z
1 50 w
2 16 36
1 66 d
1 20 e
2 33 48
2 47 50
2 31 37
1 55 v
2 43 59
2 5 50
1 8 k
2 10 54
1 26 t
1 71 o
2 9 37
1 16 k
2 24 39
2 46 48
2 6 29
1 20 b
1 33 x
2 16 26
1 12 k
1 3 d
2 26 35
1 33 j
1 8 r
1 53 f
2 17 57
1 55 l
2 53 57
1 58 c
1 34 e
2 23 39
2 4 37
1 48 v
2 63 70
1 45 v
2 30 74
1 62 y
1 66 w
1 45 g
1 23 y
1 65 n
2 25 75
1 7 k
2 14 20
1 67 m
2 48 53
2 20 58
2 37 66
2 58 61
2 5 62
1 70 j
2 26 68
1 76 y
1 67 v
1 27 t
2 23 70
2 3 74
2 4 43
2 49 54
2 56 76
2 23 34
2 20 41
2 7 74
2 11 33
1 40 d
2 24 38
2 15 74
1 12 z
2 41 48
2 43 71
2 41 44
2 16 52
1 32 o
1 33 q
2 15 25
2 2 7
1 74 j
1 32 m
1 20 i
2 23 44
2 15 48
2 10 56
1 15 r
1 33 p
1 39 l
2 21 64
2 41 74
1 45 p
1 63 j
2 17 37
1 33 w
1 20 t
2 6 71
1 36 u
1 4 e
1 11 s
2 4 73
2 41 55
1 27 w
1 3 d
1 69 p
1 73 j
2 29 43
2 64 65
2 23 26
2 4 48
2 4 19
1 10 t
2 37 64
1 4 g
2 15 53
1 70 p
2 39 57
2 30 36
1 3 w
1 19 z
2 44 46
2 40 54
1 31 r
2 49 56
1 2 g
2 5 26
2 6 18
2 18 75
2 31 47
2 16 73
2 28 61
2 9 69
2 47 70
1 55 t
1 6 e
1 8 y
1 58 u
2 25 28
1 14 i
1 64 u
2 5 55
1 73 j
1 37 m
2 10 45
2 69 76
2 20 54
2 10 47
1 23 c
2 56 61
1 69 a
1 54 q
2 47 51
1 44 e
1 10 j
1 40 v
1 7 k
2 33 76
2 19 42
2 49 51
2 28 40
2 22 29
1 55 e
2 29 40
1 72 j
1 76 w
2 21 47
1 25 s
1 54 b
2 41 52
1 64 f
2 43 67
2 58 61
2 16 32
1 23 j
2 12 62
1 32 y
1 46 b
1 48 s
2 4 42
2 16 36
2 42 76
1 39 u
1 40 l
2 3 11
1 57 a
1 59 i
2 49 59
2 1 42
2 7 33
2 25 53
1 60 f
1 16 h
2 60 69
2 22 73
2 29 46
2 36 74
2 73 75
1 48 u
1 47 a
1 6 g
2 52 58
1 49 o
1 66 q
2 30 56
1 4 b
1 58 i
2 45 54
2 24 66
2 29 68
2 13 36
1 66 p
1 15 n
2 11 34
2 15 65
2 26 43
2 9 38
1 34 u
1 21 p
2 15 55
1 70 o
2 25 36
1 9 q
2 3 49
1 50 y
2 42 61
1 10 q
2 20 56
1 5 u
2 21 74
2 4 14
1 13 a
1 2 h
1 46 r
2 52 65
2 4 73
1 37 y
1 7 m
1 50 y
1 29 j
2 11 54
2 8 71
2 5 65
2 12 61
1 75 g
2 19 69
2 42 67
1 23 e
2 36 40
2 28 50
2 8 24
2 5 27
2 31 72
1 10 n
2 57 74
2 12 18
1 12 g
2 6 52
2 63 76
1 66 d
2 56 60
1 45 s
2 5 17
2 49 71
1 4 h
2 40 63
1 68 q
1 19 x
1 73 t
2 37 76
1 60 d
1 51 m
1 51 y
1 43 d
2 30 47
1 14 d
2 4 5
2 38 73
2 25 50
1 3 x
2 38 45
1 45 x
2 13 43
1 11 n
2 18 60
1 34 y
1 72 l
1 76 a
2 26 48
2 2 68
2 15 25
1 16 q
1 68 x
1 8 h
2 8 34
