70
cuwhfumidpiebqqxtkzwjtsudkjfphxaqhewnebyhqfsjscgoihhzdezfspvzfczlltynb
12356
2 34 43
1 45 z
2 18 41
1 6 n
1 64 d
1 59 m
1 20 t
1 56 o
1 49 r
2 32 57
2 17 20
2 16 55
1 67 p
1 23 c
2 22 25
1 17 n
1 69 a
2 20 30
1 53 p
1 23 c
1 4 o
1 56 h
1 65 i
1 68 y
2 46 54
1 64 w
1 42 u
2 6 53
2 4 12
2 5 70
1 70 a
1 68 q
1 17 w
2 42 58
1 35 x
1 18 x
2 12 44
1 26 g
2 26 27
1 21 n
2 8 36
2 42 52
2 4 21
1 33 o
1 31 n
1 68 q
2 24 39
2 45 56
1 69 n
2 29 41
2 4 51
2 22 47
2 24 49
2 1 54
2 13 26
1 61 n
2 19 36
2 48 65
2 27 59
2 18 44
1 11 h
2 27 32
1 44 a
2 29 42
1 65 n
1 27 f
2 14 22
1 34 j
1 1 v
2 12 30
2 20 35
1 56 i
2 54 67
2 26 54
2 8 61
1 9 i
1 68 v
2 58 69
2 12 58
1 14 o
1 62 b
1 25 c
2 14 23
1 24 w
2 16 51
2 10 30
2 22 45
2 50 61
2 11 34
2 15 39
1 6 a
1 1 f
1 3 t
1 61 c
2 17 47
1 53 w
1 53 h
2 13 43
2 22 68
2 36 51
1 23 d
1 62 u
2 31 68
1 3 d
2 4 49
1 66 i
2 28 40
2 4 33
1 27 q
1 63 j
2 28 59
1 36 a
2 22 38
1 7 g
2 21 65
2 23 48
2 43 45
1 57 k
1 46 r
2 21 62
1 61 g
2 24 24
2 36 44
1 33 z
2 4 38
1 64 c
2 13 49
2 57 66
1 14 a
1 6 y
1 66 u
1 33 j
2 15 62
1 53 g
1 14 u
2 3 52
2 6 56
1 69 b
2 4 43
1 70 o
2 20 47
1 29 j
2 8 13
1 20 y
1 54 l
2 2 22
1 7 h
1 6 u
2 57 61
2 42 62
2 13 54
2 29 63
1 25 j
1 65 v
1 40 x
2 39 61
1 66 v
1 30 x
1 67 c
2 14 26
1 18 a
1 33 e
1 68 w
2 42 62
1 54 n
2 46 52
1 63 v
2 17 38
2 63 69
2 63 68
1 18 m
1 56 s
2 54 66
1 47 i
1 25 m
1 65 h
2 10 17
1 40 x
1 57 g
2 45 60
2 21 65
2 32 33
2 50 63
1 19 o
1 14 i
2 37 48
2 35 52
1 25 c
1 30 n
2 26 52
2 4 69
1 25 t
1 25 m
2 1 4
1 6 t
1 39 z
2 44 58
2 36 62
1 1 s
2 14 49
1 3 n
2 21 35
2 4 62
2 56 61
1 63 x
1 60 t
1 34 w
1 43 l
1 23 x
1 65 m
2 15 58
1 15 d
2 3 48
2 27 56
1 64 x
1 50 h
1 64 m
2 4 6
2 24 34
2 26 43
2 3 33
1 24 a
2 26 56
2 17 31
1 44 z
2 33 47
2 17 56
1 70 t
1 19 j
2 6 42
1 35 p
1 43 q
1 66 h
2 1 48
1 48 z
1 48 l
2 36 68
2 54 70
1 37 w
2 3 59
1 2 p
2 38 42
2 11 34
2 3 18
2 35 55
1 30 a
1 68 j
1 60 y
1 30 o
2 8 67
1 33 j
2 2 18
2 7 70
2 53 66
1 15 x
1 52 i
1 12 h
2 12 52
2 4 8
1 12 o
1 54 m
1 48 x
1 59 v
1 45 p
1 58 v
1 52 b
2 7 18
1 50 o
2 12 25
2 13 54
2 11 24
1 60 v
1 5 l
2 5 11
2 33 38
2 5 41
2 34 51
2 30 35
1 19 x
1 44 c
1 27 u
2 29 52
2 24 55
2 6 54
2 19 32
1 31 o
1 67 x
2 38 56
2 59 61
1 3 e
1 2 o
1 36 z
1 64 e
1 14 u
1 45 b
2 6 27
2 29 50
1 51 q
2 5 70
2 6 29
1 57 a
1 14 a
2 48 58
2 17 34
1 42 k
1 53 c
1 24 p
1 9 s
1 17 f
1 6 k
2 2 15
1 11 d
1 61 y
2 17 34
2 17 49
1 38 w
1 6 w
1 21 j
1 37 o
1 70 d
2 8 10
1 64 q
2 19 64
1 17 u
1 37 g
2 35 56
1 8 j
1 24 u
2 26 36
1 5 y
2 34 61
2 8 59
2 26 55
2 17 60
1 44 m
1 21 c
1 43 c
2 15 65
1 40 t
2 18 60
1 23 c
1 15 y
2 38 49
1 67 s
1 66 z
1 17 u
1 50 g
2 16 30
1 64 i
2 26 27
2 47 54
2 7 18
2 27 54
1 2 i
1 51 p
2 12 66
1 27 q
1 12 x
1 6 v
1 22 r
1 10 e
2 36 41
2 13 20
1 43 w
2 17 68
2 29 42
2 22 42
1 64 u
2 25 34
2 10 48
1 45 o
2 3 16
1 8 a
2 50 62
1 49 y
1 16 j
2 36 55
2 35 48
1 12 j
2 60 68
2 18 45
1 58 j
2 20 52
1 65 w
1 30 y
1 67 r
2 33 36
1 10 f
2 44 63
1 69 f
2 27 66
2 8 51
2 26 43
2 10 69
2 21 38
2 20 57
1 34 b
1 60 t
1 53 a
1 39 o
1 53 s
2 11 29
1 33 q
1 34 r
2 9 70
1 49 y
2 1 23
1 35 i
2 18 19
1 61 x
2 64 66
2 30 59
1 68 s
1 18 m
2 34 58
1 20 q
1 61 g
1 29 m
1 15 w
1 18 j
1 6 c
2 9 66
2 23 47
2 3 42
2 20 42
1 18 i
1 53 h
2 13 56
1 41 d
1 24 h
2 43 63
1 24 y
2 4 63
2 45 67
1 12 g
1 35 s
2 26 54
2 38 42
1 48 w
2 41 67
1 64 q
1 3 n
1 34 k
2 8 27
1 22 h
2 15 51
2 24 25
2 5 23
2 2 27
1 53 h
2 37 54
1 68 j
2 16 45
2 40 54
2 7 53
2 16 51
1 44 n
1 20 h
2 46 57
1 43 r
2 7 45
1 4 h
1 58 c
1 59 g
1 34 k
2 17 47
2 32 69
2 7 68
1 46 n
1 39 g
1 19 c
2 18 59
2 14 37
2 54 59
1 36 r
2 31 31
2 37 57
2 28 32
2 31 49
1 33 l
2 5 65
1 10 z
1 48 i
2 36 41
1 33 w
2 30 47
2 4 56
2 3 55
1 63 j
1 29 l
1 9 a
2 18 66
1 55 r
2 32 65
2 8 15
2 49 70
1 18 y
1 23 o
1 12 h
1 67 m
2 4 55
2 39 66
1 25 s
1 68 p
2 68 70
2 6 29
2 7 62
1 23 w
2 2 15
1 19 m
1 20 z
2 40 60
2 27 54
1 14 a
1 24 l
1 21 o
2 2 46
1 22 f
2 11 60
2 5 14
1 55 w
2 9 57
2 21 44
1 39 n
1 12 j
2 5 38
1 43 u
1 65 a
1 4 g
2 31 31
1 15 a
1 62 z
1 2 d
1 42 w
1 52 c
2 42 55
1 53 y
2 27 51
1 25 q
2 49 67
2 47 59
2 46 59
2 7 28
1 15 c
1 22 i
2 16 45
1 56 s
2 4 45
1 46 v
1 44 j
2 11 51
2 34 69
1 61 u
2 4 28
1 10 e
2 20 39
2 19 40
2 39 66
1 62 w
2 57 65
1 64 b
1 56 l
2 36 52
2 36 48
2 12 48
2 14 51
1 7 j
2 15 34
2 24 31
1 50 l
1 61 k
1 67 k
1 48 v
2 23 59
1 54 j
2 63 64
1 29 b
2 25 31
1 27 l
2 53 67
2 10 31
2 13 70
2 24 62
2 55 66
1 54 j
2 32 33
2 14 25
1 3 r
1 35 y
2 31 37
2 21 48
1 46 j
1 1 v
2 28 57
2 1 29
1 7 q
1 50 s
2 10 46
2 20 30
1 65 u
1 26 u
1 24 i
2 65 68
2 15 55
1 34 r
2 46 54
2 40 63
1 29 c
1 20 w
1 45 n
1 67 a
1 58 u
2 23 31
1 36 z
2 12 58
2 55 55
1 38 o
1 30 i
1 37 n
2 60 67
2 25 52
2 24 64
1 54 c
1 13 i
2 18 22
2 58 66
1 48 p
1 69 r
2 27 67
1 45 u
1 11 a
1 22 m
2 34 47
2 19 64
2 14 46
2 39 49
2 5 43
2 3 7
1 60 e
2 11 14
2 17 41
2 20 58
2 28 56
1 48 h
1 51 g
1 25 v
1 12 q
1 2 z
1 37 e
1 38 b
2 39 46
1 57 r
1 66 r
1 52 p
1 45 x
1 67 h
1 19 f
1 53 q
2 13 28
2 13 37
1 31 e
2 10 45
2 15 36
1 34 z
2 3 67
1 56 d
2 3 52
2 47 48
1 1 m
2 44 65
2 16 65
2 65 70
2 43 49
2 16 20
1 57 b
1 13 x
1 28 l
2 14 61
1 6 o
1 18 o
1 13 l
2 44 48
2 20 49
1 70 n
2 33 66
2 22 66
2 23 32
1 20 y
2 46 62
2 3 61
2 21 64
2 28 60
1 1 l
1 55 m
1 3 f
2 44 68
2 12 24
1 38 p
2 2 51
2 67 67
2 27 33
1 27 d
1 46 x
1 9 z
1 21 m
1 2 l
2 5 57
2 6 46
1 32 f
2 54 57
1 17 i
1 25 x
2 21 47
1 59 m
2 51 62
2 5 25
1 20 g
1 23 m
2 13 20
1 60 o
1 22 v
2 6 13
1 42 s
2 27 56
2 21 52
2 28 44
1 50 w
2 11 21
1 11 b
2 47 62
2 18 70
2 16 68
2 12 28
1 69 m
1 14 m
2 4 47
1 24 c
2 13 46
1 20 o
2 25 27
2 50 59
2 13 40
1 50 f
2 20 42
1 58 n
2 29 60
2 12 34
2 16 25
2 32 51
2 2 5
2 18 49
2 9 35
1 47 x
1 21 w
2 26 65
2 28 49
1 15 a
2 10 66
1 42 n
2 50 66
2 25 32
2 69 70
2 25 28
1 44 w
2 50 59
1 35 x
2 35 57
1 60 r
1 6 f
1 69 c
1 59 e
1 20 k
2 2 63
1 8 p
1 20 j
2 15 26
2 15 53
1 68 r
1 42 p
2 20 31
2 6 52
1 21 h
1 35 j
1 66 o
1 6 z
1 51 j
1 47 c
2 10 11
1 7 l
2 31 32
1 61 x
2 37 60
2 43 54
2 9 13
2 17 19
1 16 c
2 14 46
2 36 62
2 58 70
2 20 23
2 41 57
2 14 61
2 32 42
2 15 34
1 70 b
1 21 t
1 36 s
1 41 p
1 42 a
2 9 23
1 17 l
1 59 e
1 50 m
2 4 61
1 56 u
2 46 69
1 40 g
1 6 k
2 33 47
2 16 69
2 32 69
1 10 w
1 61 a
2 12 51
2 12 17
1 68 h
2 43 57
1 4 p
2 38 51
2 62 67
2 33 49
1 22 l
2 23 28
2 5 13
1 15 j
2 10 39
2 57 69
2 29 57
1 59 t
2 52 68
1 61 a
1 60 s
2 49 66
1 53 o
2 37 50
1 19 p
2 23 58
1 65 v
1 7 m
2 9 34
2 5 39
2 21 62
2 47 67
1 35 x
2 31 55
2 24 41
2 3 55
1 42 w
1 12 m
2 48 63
2 3 10
1 24 m
1 42 q
2 18 61
2 21 47
2 31 60
1 17 n
1 67 g
2 8 31
1 62 x
1 52 z
2 61 67
2 39 48
2 18 66
1 58 z
1 16 d
1 49 e
1 27 u
2 65 66
1 32 a
2 7 31
2 4 69
2 39 66
2 3 12
2 17 66
2 2 16
1 28 f
2 5 22
1 55 e
2 61 64
1 56 j
2 27 62
2 4 22
2 44 49
1 45 y
1 3 e
1 66 b
1 9 c
2 46 55
1 55 d
1 51 z
2 38 65
2 7 13
1 60 g
1 48 d
2 59 67
1 53 z
1 19 s
2 27 35
2 33 59
2 40 67
1 16 t
1 9 y
1 23 d
1 65 b
1 27 v
2 22 63
2 14 43
1 56 u
2 16 34
1 59 a
1 10 n
1 31 r
1 18 j
2 3 56
1 63 e
2 38 41
1 33 g
1 62 c
1 5 b
2 25 36
1 42 p
1 18 w
2 21 61
2 37 54
1 15 z
1 63 m
1 25 i
2 13 68
1 19 n
2 19 50
2 26 37
1 9 p
1 45 i
2 8 35
2 57 64
1 53 j
1 16 a
2 4 58
2 54 64
1 51 o
1 48 x
2 26 60
1 6 r
2 28 43
2 12 70
2 1 66
2 36 59
1 5 k
2 21 53
2 12 44
2 1 29
2 13 45
2 7 68
1 26 p
2 16 17
2 36 61
1 4 i
2 46 55
2 28 35
2 32 55
1 3 o
2 29 44
2 16 53
2 2 15
1 35 w
1 2 q
1 28 h
2 17 61
1 40 b
2 44 52
1 25 c
2 24 66
1 33 z
1 25 j
2 33 50
2 20 20
2 2 15
1 16 a
1 45 s
1 11 l
1 67 m
2 24 49
2 31 52
1 5 j
2 7 63
2 49 69
2 10 53
2 40 52
1 63 w
2 15 17
1 61 z
2 21 55
1 41 n
1 60 s
1 52 s
1 57 r
2 51 63
1 63 g
2 24 45
2 39 55
2 12 13
2 8 58
1 13 c
1 54 s
2 2 19
1 26 e
2 32 36
1 65 h
1 29 y
2 8 43
2 23 67
2 16 30
2 35 44
2 10 27
2 34 64
1 45 x
2 13 32
2 8 70
2 24 56
2 12 64
1 59 u
2 8 24
2 13 13
1 10 g
1 13 w
1 49 s
1 61 v
2 32 51
1 41 g
1 44 m
1 21 h
2 60 68
2 24 61
2 56 58
1 12 m
2 54 57
1 5 z
2 31 61
2 5 19
1 41 k
1 34 m
1 6 b
1 58 i
1 67 d
1 15 t
1 44 e
1 26 b
2 53 68
2 50 52
2 3 34
1 67 p
1 50 c
1 48 g
1 61 p
1 23 j
1 37 g
2 6 42
2 65 70
2 6 6
2 12 51
2 11 17
1 38 l
2 8 29
1 52 y
1 64 p
1 38 v
2 11 47
1 14 u
1 10 g
1 22 i
1 68 x
1 15 s
1 17 n
2 14 53
1 48 h
2 4 67
2 23 43
1 50 e
1 36 f
1 66 s
2 33 70
2 60 67
2 43 47
2 65 70
1 56 k
1 60 w
2 15 20
2 4 27
2 56 65
2 17 48
1 4 f
1 32 d
1 21 b
1 45 j
1 42 q
1 24 z
1 58 g
1 30 q
2 22 47
1 17 j
2 2 16
2 13 18
1 16 k
2 18 37
2 47 57
2 43 51
2 2 8
1 17 y
1 41 o
1 28 g
1 8 a
2 4 70
1 58 c
2 19 57
2 4 20
2 67 69
1 62 p
2 2 2
1 39 m
1 43 k
1 64 i
2 20 45
1 57 i
2 7 30
1 69 w
2 3 43
1 4 c
1 57 t
1 14 x
1 11 l
1 5 r
1 66 o
2 61 65
1 48 i
2 22 40
2 50 52
2 4 66
2 40 54
1 52 x
1 54 t
2 20 48
2 61 64
1 67 o
2 53 53
2 51 70
1 49 q
2 62 69
1 1 w
2 47 48
2 3 20
1 38 f
1 38 s
2 15 65
1 27 q
2 18 45
2 28 45
1 29 d
1 49 t
1 37 d
1 63 v
2 20 68
2 5 45
1 20 y
1 35 p
2 4 40
1 45 b
1 14 h
2 17 18
1 5 v
2 38 57
1 14 n
1 13 r
2 34 35
2 7 13
1 26 i
2 17 38
1 6 p
2 10 62
1 17 u
1 6 s
2 9 46
2 53 70
2 8 8
2 5 10
2 63 69
1 38 q
1 67 n
1 41 h
1 14 o
2 30 33
1 31 l
1 2 m
1 27 k
2 43 54
1 63 g
1 16 r
1 64 s
1 1 c
1 56 v
1 10 q
2 49 66
2 32 40
2 22 31
2 28 68
1 4 o
1 34 n
2 9 46
1 54 p
2 28 40
1 48 u
2 11 46
2 57 60
2 53 59
1 64 j
1 12 w
2 4 27
1 25 j
1 63 r
2 10 59
1 54 t
1 6 w
1 40 w
1 66 k
2 3 58
2 5 47
1 63 p
2 58 62
2 15 47
1 5 p
2 9 17
2 24 25
1 52 n
1 44 g
1 39 g
2 8 46
1 34 c
2 10 46
1 29 q
1 61 k
2 8 15
2 49 68
2 13 29
1 66 i
1 5 o
1 30 m
2 7 35
1 11 s
2 24 30
2 19 28
1 8 m
1 38 s
1 35 x
2 28 52
1 23 t
2 23 38
1 10 t
1 70 v
1 5 j
2 46 56
1 33 x
1 53 u
2 19 20
2 4 70
2 29 38
1 50 p
2 26 56
2 10 10
1 9 v
1 63 v
1 45 u
1 35 b
2 52 61
2 19 51
2 2 44
2 3 32
1 42 e
1 7 b
1 13 h
2 16 55
1 43 v
2 41 60
1 41 i
1 60 n
1 63 l
1 38 u
1 46 z
2 17 45
1 32 f
1 13 i
1 41 r
2 7 25
2 5 40
1 41 c
1 54 a
2 46 69
1 23 s
1 39 t
1 19 c
2 33 68
1 22 k
2 27 61
2 40 43
2 29 50
2 45 65
2 12 36
2 10 10
2 31 31
2 10 31
2 5 64
2 38 67
2 53 60
1 22 r
1 12 z
1 7 b
1 38 d
1 4 j
2 55 60
1 3 e
2 22 56
2 16 20
2 29 61
2 54 57
2 28 54
1 70 f
1 68 d
1 40 y
1 14 l
2 5 55
2 30 30
2 44 46
2 54 61
1 10 t
1 13 p
2 15 21
2 48 49
2 9 58
2 37 57
1 35 g
2 55 67
1 45 g
1 45 j
2 19 64
1 45 g
2 20 40
1 37 t
1 25 n
1 64 p
1 36 l
1 26 f
1 30 k
1 32 i
2 24 33
1 6 f
1 67 a
2 34 66
1 70 d
1 68 j
1 69 j
1 25 k
1 8 q
1 14 z
2 36 46
2 27 67
2 11 44
2 2 28
2 30 41
1 39 g
2 19 56
1 10 o
2 21 24
2 24 45
1 1 u
1 5 e
1 69 d
2 64 68
1 14 t
2 33 50
1 20 x
1 8 m
1 6 z
1 52 h
2 1 28
1 70 v
1 8 i
1 37 m
2 12 26
2 3 61
1 57 r
1 37 t
2 22 64
2 20 54
2 48 66
1 11 b
1 21 u
2 13 16
2 3 61
1 70 y
1 9 z
2 52 70
1 44 e
2 26 42
2 17 34
2 27 45
2 44 59
2 12 56
2 11 48
2 3 65
1 67 p
1 49 d
2 25 55
2 22 55
1 21 i
1 66 r
1 10 e
2 17 23
2 38 39
2 16 35
1 2 u
2 52 57
1 67 a
1 46 k
2 40 44
1 43 l
1 23 x
1 68 s
2 59 64
2 38 70
1 26 l
1 17 u
1 2 u
2 15 63
2 10 11
2 3 70
2 8 57
1 29 t
2 33 35
2 8 39
2 22 43
1 64 u
2 6 51
1 57 x
2 49 51
1 62 k
2 45 69
1 59 w
2 47 51
1 9 m
2 1 7
2 57 64
1 36 p
2 49 64
1 67 m
2 13 19
1 65 t
1 1 p
2 42 57
1 62 e
2 13 42
1 31 t
2 7 29
2 52 68
2 10 43
1 62 b
1 24 j
2 4 64
2 36 62
2 20 33
1 29 n
2 19 64
1 65 h
2 41 48
1 10 i
2 5 33
2 46 55
1 29 k
2 19 30
1 3 y
1 19 t
1 66 g
1 16 b
1 47 n
2 22 36
1 39 t
2 2 55
2 46 48
2 32 35
2 6 66
2 20 22
1 13 k
1 15 f
1 52 e
2 55 65
2 44 45
2 5 32
1 23 z
2 21 33
1 8 a
1 51 b
1 24 l
2 33 47
2 16 58
1 50 r
2 20 66
2 19 62
1 53 y
2 31 57
2 13 57
2 11 69
2 32 45
1 15 w
2 17 29
2 8 38
2 47 51
1 48 t
1 69 s
1 31 z
1 15 c
2 44 45
1 36 j
1 51 t
2 19 46
1 19 f
1 36 x
1 52 a
2 25 59
2 15 62
1 46 q
2 22 51
2 13 49
1 70 y
2 13 30
2 11 45
2 48 65
1 30 o
1 64 s
1 10 g
2 48 63
2 16 27
2 4 14
1 53 o
1 30 i
1 55 m
2 37 58
1 31 m
2 18 69
1 36 k
1 44 b
2 15 62
2 14 19
1 50 r
2 50 59
2 31 59
1 62 d
1 13 d
2 1 5
1 53 j
1 35 x
1 35 s
2 27 29
1 39 d
1 59 g
2 38 53
2 41 55
1 47 q
2 12 63
2 56 61
1 69 t
1 31 w
1 20 i
1 18 f
1 1 s
1 52 z
2 36 47
1 19 n
2 6 26
2 25 50
1 63 p
2 34 44
1 39 e
1 49 a
2 52 67
2 24 28
1 5 n
2 42 57
2 3 5
2 14 21
2 45 68
1 25 c
1 51 y
2 33 41
2 5 52
2 4 46
1 15 q
1 51 a
2 23 59
2 16 43
2 58 66
2 18 25
2 4 56
1 39 q
1 63 c
2 26 55
2 8 23
2 36 43
1 17 t
1 64 f
2 8 28
2 23 28
2 7 43
2 10 46
1 15 s
1 27 u
1 7 h
1 15 u
1 43 a
1 25 q
1 45 v
2 6 20
1 55 g
2 2 67
1 42 t
1 21 u
2 12 18
2 12 45
2 23 29
1 55 k
2 38 63
2 39 61
2 8 19
1 7 s
1 46 s
1 49 o
1 56 h
2 14 20
2 4 19
1 20 z
1 19 x
2 21 33
2 20 66
2 42 63
2 28 35
1 35 z
2 12 26
1 8 w
1 69 v
2 43 48
1 36 v
1 48 p
1 8 t
1 29 b
2 63 70
2 18 70
2 10 35
2 4 18
2 6 37
1 20 p
2 10 51
2 21 51
2 43 47
1 10 z
1 44 g
2 13 46
1 9 l
1 60 a
2 33 69
1 34 l
1 55 g
1 31 i
1 23 j
1 60 x
2 42 51
1 42 k
1 59 p
2 9 18
1 44 f
1 50 m
1 11 o
1 54 k
1 33 v
2 14 25
2 19 37
2 17 20
1 34 y
2 28 57
2 18 55
2 15 24
2 14 14
1 31 z
2 43 63
2 49 54
1 17 p
1 37 o
1 17 a
1 2 h
1 27 b
2 19 60
2 22 55
1 47 h
1 50 y
2 41 49
1 36 k
1 49 p
2 29 44
1 25 u
1 52 a
2 21 61
1 35 z
1 19 u
2 9 63
2 30 67
1 39 p
1 10 z
1 29 c
2 53 68
2 9 47
2 36 49
1 20 w
1 10 x
2 58 69
1 2 s
1 1 d
2 2 21
2 20 40
2 6 13
1 62 e
2 8 58
1 35 i
1 11 p
1 67 o
2 32 54
1 9 m
2 15 42
1 25 e
1 63 e
2 18 64
2 31 67
1 34 a
2 37 65
2 2 51
2 37 46
2 57 68
1 26 n
2 20 36
1 33 f
1 44 s
1 22 s
1 23 z
2 48 60
1 28 t
2 41 55
2 4 16
2 8 43
1 63 e
1 63 c
1 62 v
1 70 m
2 27 45
1 1 b
1 9 o
2 31 48
1 59 m
1 63 z
2 41 53
1 35 a
2 38 58
2 4 28
1 6 g
2 15 29
1 33 e
2 37 66
2 6 59
1 12 o
2 38 47
1 47 i
1 64 z
2 20 26
2 44 67
1 35 s
2 5 47
1 44 r
1 3 d
1 43 q
2 28 35
2 56 69
2 18 33
1 50 n
2 36 55
1 29 u
2 31 49
2 17 21
2 6 29
1 65 t
1 69 i
1 32 l
2 47 69
2 17 33
1 61 c
1 41 j
2 6 32
2 23 42
1 32 m
2 23 69
1 3 q
2 7 57
2 12 33
2 34 56
2 5 14
1 7 m
2 23 30
1 42 f
1 30 k
2 40 56
2 29 45
2 39 46
1 22 z
1 56 r
1 62 e
1 50 v
2 33 53
2 48 49
1 64 s
1 55 o
2 7 49
1 16 t
2 16 58
2 5 6
1 18 g
2 38 44
2 35 51
2 3 49
1 41 c
1 5 g
1 16 c
1 23 y
2 3 36
1 62 x
2 38 63
2 6 58
1 35 z
1 50 b
2 20 35
2 21 33
1 67 t
2 46 54
2 22 37
1 54 k
1 67 i
2 43 48
1 24 i
1 27 x
1 41 l
1 40 u
2 1 61
1 28 o
2 5 11
1 8 r
2 27 44
1 40 v
2 6 47
2 25 67
1 68 r
1 48 g
2 6 12
1 52 w
1 31 g
1 35 j
2 1 28
1 53 f
1 27 u
2 1 52
1 39 a
2 13 33
1 10 c
2 11 13
2 36 50
1 53 v
2 5 10
2 28 29
2 27 32
1 43 x
2 31 33
1 15 u
2 30 41
2 48 55
2 66 70
1 70 m
2 38 57
1 8 n
2 33 66
2 29 53
2 19 30
2 30 58
1 27 n
1 16 f
2 9 61
1 33 h
1 53 u
1 52 f
1 19 e
1 66 b
2 32 59
1 6 w
1 33 t
2 12 17
1 11 w
1 22 h
1 35 i
1 15 h
1 16 z
1 21 f
1 54 q
1 56 f
2 13 60
2 23 41
2 51 51
1 64 n
1 5 b
1 31 u
2 10 65
1 4 n
2 3 29
1 58 f
1 43 v
2 17 29
1 44 r
1 40 e
1 52 l
1 39 g
2 23 35
2 22 68
2 39 55
1 20 n
2 29 59
1 64 t
1 51 x
2 40 47
2 20 40
2 11 59
1 69 h
2 47 64
1 6 g
1 69 w
1 20 j
1 47 b
2 33 70
1 56 p
1 49 r
2 29 32
1 67 d
1 42 d
2 7 8
2 6 60
2 3 63
2 4 22
2 25 33
1 49 k
1 65 s
1 11 m
2 10 40
1 24 d
2 2 6
2 24 29
2 7 50
1 2 d
1 5 n
1 41 i
1 59 h
2 24 53
1 59 a
1 9 f
2 12 44
1 33 t
2 14 56
2 8 25
2 66 67
2 7 68
1 43 l
2 20 60
1 10 h
1 13 b
2 31 53
2 33 55
2 20 24
1 14 s
2 11 26
1 22 v
1 10 h
1 55 w
1 32 e
1 47 x
2 4 16
2 21 47
2 12 28
1 58 e
1 59 r
2 5 37
1 34 y
1 6 o
2 14 60
2 4 49
1 52 j
1 54 y
2 18 53
1 49 c
2 13 44
1 53 a
1 5 o
1 68 t
1 32 g
1 9 z
1 56 n
2 38 39
1 6 u
2 24 31
2 17 66
1 20 w
2 6 7
2 20 70
2 46 50
1 19 o
2 27 62
2 52 59
1 28 j
1 35 a
1 20 b
1 14 r
1 59 d
1 13 f
2 16 70
1 5 y
1 55 v
2 28 56
2 27 27
1 28 d
2 7 22
2 35 61
2 21 65
2 3 9
2 11 26
1 56 j
2 17 68
1 16 k
2 11 16
2 25 61
1 28 b
2 19 53
1 67 k
1 62 w
2 11 57
2 14 45
2 21 55
2 21 53
1 54 q
1 31 p
1 60 d
1 58 h
1 14 t
1 40 u
2 2 4
2 22 34
1 32 f
2 20 51
2 16 67
2 11 37
2 20 69
1 34 i
2 12 46
2 13 17
1 30 p
1 55 y
1 35 d
1 8 q
1 68 w
1 24 g
2 1 9
1 26 p
1 65 k
1 48 h
1 58 z
2 53 62
1 48 j
1 35 k
2 4 39
2 8 38
2 52 65
2 5 27
1 29 w
2 5 58
2 28 46
2 9 70
1 63 f
1 20 a
1 57 i
1 70 g
1 43 t
2 8 68
2 33 41
1 26 p
1 64 c
2 28 49
1 55 j
2 3 11
2 16 39
1 7 m
1 25 k
1 15 w
1 49 j
2 27 57
1 49 b
1 9 g
1 7 n
1 55 n
1 69 p
2 8 33
1 46 s
1 43 q
1 1 j
1 12 v
2 30 47
2 27 33
2 19 32
1 60 b
1 55 d
1 52 m
2 7 67
1 32 v
1 48 m
1 35 m
1 55 k
1 23 v
2 1 42
1 52 d
1 58 n
1 29 o
1 43 u
1 19 j
2 40 41
1 67 x
2 13 42
1 6 i
1 41 w
2 8 33
1 68 o
2 15 39
2 12 17
1 7 e
2 16 19
2 10 15
1 22 j
1 62 o
2 11 31
1 30 d
2 26 36
2 29 56
2 22 59
1 31 f
2 39 52
2 13 30
1 57 p
1 15 p
1 66 c
1 68 u
2 51 51
1 66 g
2 2 47
2 26 38
2 3 21
2 39 63
1 30 h
1 43 n
2 39 46
2 6 49
2 16 18
1 44 j
1 65 n
2 23 33
1 25 b
2 4 41
2 28 36
1 23 q
1 52 t
1 22 v
1 12 r
2 2 48
1 61 p
1 53 z
1 38 p
1 39 q
2 57 68
2 14 60
1 46 p
1 67 d
2 13 38
1 50 u
2 23 25
1 66 f
2 26 47
2 1 68
2 57 61
1 53 a
2 6 33
1 32 k
1 59 t
1 48 r
2 54 69
1 43 y
1 28 r
1 33 k
1 5 r
2 10 70
2 33 59
2 59 68
1 63 t
1 56 j
2 16 52
2 2 16
2 46 61
1 59 k
2 34 35
1 13 y
1 48 t
1 20 m
1 61 p
1 3 d
1 54 n
1 6 u
1 46 i
1 45 g
1 34 i
1 11 z
1 35 s
2 37 60
1 28 f
1 26 t
1 52 p
2 2 58
2 2 24
2 3 45
1 51 w
1 17 v
2 10 62
2 1 7
2 42 52
1 67 a
1 13 k
1 39 y
1 53 e
1 40 h
1 13 o
2 15 53
1 28 m
2 5 58
1 49 e
2 38 65
2 40 69
1 3 d
2 3 34
2 61 62
1 23 s
1 69 d
1 62 p
2 12 29
1 10 s
1 46 a
1 40 o
2 3 9
1 32 r
1 38 u
1 20 v
2 16 45
1 28 u
1 33 p
1 35 u
1 10 r
1 55 b
2 45 64
2 16 42
2 20 30
1 20 n
2 9 38
2 2 39
1 49 l
2 31 62
2 11 39
1 54 h
2 12 16
1 43 p
1 44 r
2 1 32
1 22 p
1 54 k
2 47 64
1 25 j
1 16 g
1 24 p
1 5 n
1 51 f
2 8 54
2 16 38
1 32 o
1 28 u
1 30 n
2 14 56
2 2 57
1 45 z
1 43 z
1 24 o
1 1 f
1 35 k
1 16 e
1 16 i
1 53 z
2 6 59
1 39 g
1 42 x
2 34 68
1 53 h
1 51 m
1 43 k
1 31 c
2 17 25
2 32 45
2 19 21
1 8 p
2 47 54
2 17 54
2 1 64
2 10 19
1 25 u
1 8 y
2 12 49
2 18 66
2 25 42
2 39 60
2 13 21
2 51 68
1 46 m
2 29 39
2 9 35
1 11 k
2 16 57
2 10 42
2 51 70
2 57 68
1 35 b
2 7 25
2 25 40
1 61 q
1 12 e
1 47 b
1 68 b
1 28 n
1 8 x
1 26 t
2 16 40
2 31 46
2 17 49
1 64 u
2 38 56
1 3 k
1 29 h
2 53 56
1 67 j
1 11 s
1 18 b
2 37 52
2 6 59
1 20 w
2 12 45
2 49 61
1 5 e
2 7 45
1 28 j
2 29 59
1 39 o
1 35 z
2 53 62
2 19 24
2 10 69
1 17 t
2 32 42
1 62 s
2 24 59
2 41 43
2 41 52
1 32 p
1 23 j
1 51 q
2 21 54
2 43 49
2 21 28
1 58 a
2 22 69
2 19 51
2 56 62
2 65 70
1 20 m
2 22 62
1 64 b
2 26 69
1 52 d
2 7 12
1 54 z
1 67 c
1 29 r
1 66 l
1 5 p
2 19 20
1 64 i
1 16 m
1 53 j
2 51 58
1 2 g
2 36 59
1 41 l
2 58 63
2 53 65
1 5 t
2 4 32
2 22 47
1 34 t
1 34 d
2 19 32
2 19 62
1 66 u
1 47 u
2 18 55
1 47 h
2 27 51
2 44 60
1 33 s
2 28 36
2 9 20
1 11 y
2 18 46
1 31 l
1 39 k
1 51 c
1 66 k
1 52 h
1 34 y
2 22 58
2 3 19
1 12 b
1 52 b
2 5 69
2 40 66
2 7 38
2 40 70
1 40 p
2 11 28
1 21 a
1 70 v
1 39 z
2 34 45
2 9 14
2 19 63
1 28 v
1 3 u
2 36 60
2 3 69
2 23 52
2 25 55
1 50 b
2 16 65
1 57 j
2 18 46
2 28 60
1 12 l
1 32 o
1 58 i
1 21 c
1 41 j
2 22 43
1 21 x
1 55 x
2 24 66
2 12 62
1 64 l
1 65 z
2 32 43
1 20 b
1 34 k
2 5 20
2 4 37
2 6 32
2 60 62
2 25 34
1 64 k
1 12 m
1 20 t
1 58 b
1 48 i
1 14 f
2 42 46
1 43 o
1 42 y
1 1 e
2 34 69
2 7 39
1 12 d
2 8 70
1 3 l
2 36 38
2 13 54
1 18 o
2 1 15
2 2 51
2 27 38
2 48 70
1 19 b
1 45 l
2 42 66
2 17 21
1 36 x
2 22 32
2 20 20
1 43 w
2 8 19
1 55 y
2 15 43
2 1 33
1 50 e
2 19 64
2 17 37
1 53 u
2 25 54
1 36 s
2 17 23
1 59 k
1 49 z
2 18 52
2 24 24
2 53 58
2 30 41
2 15 44
1 40 t
2 14 67
1 37 f
2 30 32
1 65 h
2 37 70
1 23 n
2 52 56
1 45 n
1 59 e
2 29 38
1 3 d
2 4 42
2 45 45
2 19 69
1 5 a
1 34 f
2 28 36
2 20 54
2 30 56
2 9 29
1 41 z
1 7 s
2 20 43
1 59 a
1 68 u
1 65 y
1 1 t
1 48 d
1 42 t
2 14 45
2 30 57
1 47 y
2 11 28
2 11 63
2 13 51
2 11 36
2 17 38
1 3 u
2 3 16
2 44 62
2 19 56
1 13 d
1 39 r
1 40 f
1 64 t
1 58 k
2 16 33
2 69 69
1 36 n
2 40 59
1 16 p
2 35 54
2 19 37
1 39 v
2 15 58
2 2 3
1 60 t
1 53 r
1 3 c
2 8 20
2 33 38
2 56 57
1 5 x
2 31 57
1 18 i
1 39 z
1 17 l
2 16 16
2 20 69
2 8 36
2 16 62
1 57 b
1 29 q
1 27 w
1 15 b
1 14 z
2 16 55
1 43 m
1 62 p
2 52 60
2 49 55
1 11 x
2 22 39
2 7 19
2 36 66
1 5 h
1 39 x
2 41 58
1 35 m
1 21 c
2 11 55
1 54 g
2 15 36
1 7 x
1 40 x
1 18 v
1 8 h
1 17 l
1 5 h
1 8 n
2 36 41
2 32 55
1 7 m
2 11 44
1 14 m
1 67 h
2 18 66
1 53 v
1 20 q
2 32 55
1 66 i
1 45 x
2 23 64
2 40 48
1 31 h
2 4 14
1 70 y
2 21 55
2 51 64
2 22 47
1 24 z
1 38 z
2 33 69
1 38 x
1 5 s
1 37 t
1 17 a
1 37 r
1 3 i
2 26 39
2 16 26
1 1 h
1 67 m
1 40 t
2 13 70
2 8 46
2 20 33
1 58 g
2 10 68
2 9 15
2 1 60
1 34 t
2 37 68
1 57 e
1 37 v
2 18 55
2 17 39
1 27 f
2 31 49
2 48 68
2 39 65
1 33 i
2 4 23
2 2 51
2 54 60
1 34 q
1 61 v
2 30 61
1 15 s
2 38 64
1 65 h
2 15 36
1 14 o
1 32 s
1 53 o
2 22 66
1 14 h
1 9 s
1 17 a
1 42 v
1 20 v
2 20 67
2 24 61
1 9 a
2 54 64
1 14 y
2 11 60
1 29 g
1 21 b
1 15 r
2 29 60
1 26 b
1 13 i
1 15 a
2 5 15
1 41 f
1 64 t
1 5 j
1 50 v
1 50 a
1 40 k
2 7 19
1 35 w
2 17 64
1 26 q
2 9 70
2 6 36
2 8 24
2 37 48
2 46 58
1 19 b
2 32 67
2 2 45
1 11 i
1 51 f
2 36 40
2 11 62
2 21 47
1 26 d
1 32 y
2 11 67
1 55 o
1 51 l
1 52 s
1 30 z
2 36 38
2 10 27
2 27 40
2 9 28
1 43 z
2 11 48
1 35 z
1 39 h
2 19 45
1 35 u
1 6 p
2 16 53
2 4 35
1 50 x
1 59 f
2 7 36
2 37 49
2 24 27
2 34 45
2 27 49
1 51 e
2 21 52
1 1 v
2 37 48
2 22 63
2 25 28
1 30 a
1 53 z
2 15 18
1 70 z
1 69 k
1 47 x
2 47 60
2 47 51
1 30 n
1 4 v
2 44 67
2 11 12
2 11 22
1 11 x
2 7 49
1 59 k
1 58 v
2 60 68
2 37 57
1 24 u
1 38 t
1 4 t
1 39 f
2 36 61
2 15 26
1 56 w
1 38 q
2 34 61
2 32 51
2 24 55
1 20 t
2 16 45
1 14 l
1 27 f
2 12 38
1 50 i
2 13 58
2 54 62
2 1 67
2 17 46
2 29 32
2 26 50
1 62 f
1 54 e
2 16 33
1 52 c
2 4 6
1 51 w
1 46 z
2 66 68
2 25 45
2 51 67
1 37 y
2 15 60
1 53 l
2 35 58
1 65 f
2 5 17
2 48 55
1 27 h
1 7 p
2 26 57
2 22 39
2 1 26
2 53 58
2 10 35
1 39 y
1 6 w
1 30 q
2 31 55
1 44 z
1 52 j
1 38 z
2 67 67
2 34 38
2 20 62
2 51 59
2 14 14
2 18 49
2 35 39
2 42 46
1 42 u
2 40 66
1 37 e
2 4 40
1 52 l
1 70 s
1 1 v
1 51 m
1 66 p
2 14 65
1 17 g
1 54 g
2 32 33
2 42 66
2 3 49
1 3 c
2 28 34
2 44 51
1 29 j
2 1 54
2 20 65
1 58 j
2 2 34
2 52 70
1 45 d
1 5 e
2 34 35
2 13 30
2 2 45
2 31 69
2 50 65
2 34 46
1 60 y
1 22 p
2 4 61
2 14 37
2 19 33
2 46 58
1 5 n
2 49 60
2 21 54
2 59 65
2 41 43
1 46 x
2 8 68
1 16 f
2 5 51
2 40 68
2 18 21
2 17 36
1 51 s
1 6 l
2 23 38
1 62 u
2 23 38
2 41 68
2 15 55
1 31 v
1 49 h
1 7 w
1 56 z
2 34 69
2 45 48
1 63 z
2 9 53
2 16 61
1 51 k
1 28 z
1 53 n
2 2 15
2 29 36
2 10 37
2 2 37
1 31 t
1 50 r
2 15 47
1 38 g
1 49 g
1 33 a
1 59 z
1 46 w
1 44 t
1 34 q
1 11 i
2 24 40
1 39 r
1 58 k
1 63 i
2 18 22
1 27 o
1 51 o
2 36 57
2 31 50
1 39 q
1 26 i
1 39 l
1 25 s
2 20 37
1 33 h
2 10 40
2 16 66
1 69 q
1 43 i
2 3 13
2 13 32
1 6 n
1 14 h
2 18 22
2 20 55
1 12 k
2 49 50
1 59 a
1 43 b
1 8 m
1 55 f
2 1 10
1 32 t
1 31 a
1 8 a
1 59 t
1 54 g
1 68 f
1 40 a
2 4 41
2 58 68
1 42 z
1 64 y
1 21 p
1 16 i
1 35 k
1 10 c
2 28 56
1 23 l
2 5 37
1 13 k
1 37 c
1 46 k
2 45 55
2 48 66
1 25 y
1 60 d
2 58 61
2 53 60
1 8 s
1 41 e
2 8 34
2 50 63
1 35 r
2 9 15
1 2 l
2 22 70
1 32 i
1 13 x
1 40 t
2 12 42
2 13 65
1 8 o
1 48 w
2 32 34
2 55 69
2 31 37
1 69 q
2 41 51
1 4 x
1 17 t
2 20 59
2 48 70
2 32 45
2 68 70
2 1 38
1 58 o
1 10 a
2 24 43
2 38 64
2 21 61
2 43 44
2 28 30
1 62 v
1 53 v
2 26 60
1 34 e
1 5 c
1 54 k
2 51 56
1 2 w
2 2 60
2 34 49
1 65 x
2 37 46
2 3 64
1 62 q
2 63 67
2 11 21
2 17 53
1 40 n
1 28 r
2 2 8
1 52 x
2 38 52
1 5 q
2 39 53
2 62 64
1 12 q
1 28 z
2 16 42
1 15 b
1 12 b
1 4 z
2 9 44
1 22 s
2 14 33
1 30 y
2 1 5
1 45 r
1 67 m
2 30 42
1 50 u
1 39 p
1 26 j
2 24 31
1 25 g
2 10 49
2 16 32
2 19 70
2 33 42
1 52 u
1 15 q
1 68 w
1 26 q
1 50 p
2 8 22
2 6 21
2 12 68
1 66 s
2 5 30
2 18 30
1 38 s
2 32 39
2 56 56
1 17 j
1 65 k
1 37 z
1 57 c
2 33 68
2 2 32
2 4 17
2 1 18
1 20 b
1 7 d
2 50 61
2 35 52
1 20 k
2 33 69
1 44 y
1 64 n
2 11 51
1 65 z
1 43 v
1 29 a
2 16 25
1 38 h
1 15 o
1 58 x
2 2 16
2 33 55
1 34 r
2 17 22
2 30 57
2 39 39
2 9 30
1 7 h
1 25 k
1 70 t
1 50 n
1 12 o
1 68 x
2 40 55
2 44 69
1 2 h
2 46 62
1 7 l
1 24 g
2 3 17
2 9 17
1 57 a
1 17 j
2 4 53
2 13 41
1 44 b
2 53 59
1 27 n
2 33 57
2 35 49
2 29 44
1 2 d
1 44 v
1 52 i
1 61 r
1 32 s
1 11 s
2 11 21
1 50 x
1 5 l
1 41 z
1 16 j
1 60 g
2 4 39
2 9 56
2 26 65
1 66 b
2 6 37
2 23 62
1 59 n
1 3 o
1 21 e
2 57 58
2 50 54
1 40 m
1 25 c
2 28 66
2 21 54
2 18 51
2 28 52
1 40 v
2 4 67
2 9 38
2 6 14
2 50 55
1 65 b
2 31 67
2 22 33
2 43 68
1 10 s
2 28 59
2 63 64
1 65 m
2 7 14
2 33 49
1 63 a
2 23 66
2 36 67
2 11 58
1 23 n
1 26 s
1 16 e
1 26 i
1 31 b
2 3 66
1 32 t
2 5 26
2 1 33
2 42 59
1 50 n
2 45 49
2 25 34
2 27 55
1 4 j
1 28 h
1 6 b
2 35 38
2 1 24
2 19 56
2 3 62
2 2 64
1 49 k
1 3 e
2 32 54
2 27 53
2 21 49
2 9 39
1 2 c
1 33 z
1 49 u
2 13 26
2 28 43
1 22 x
2 4 41
1 11 r
1 45 n
2 36 39
1 57 f
1 16 k
2 25 62
2 5 68
1 31 p
1 45 g
1 37 h
2 9 28
2 49 62
2 6 29
1 50 z
1 38 h
1 57 c
1 35 j
1 46 d
1 4 s
1 41 d
2 14 21
2 32 68
1 18 e
2 43 55
2 22 42
2 28 65
2 15 40
2 28 34
1 6 y
1 25 l
1 57 u
1 49 h
1 6 d
2 31 36
2 9 41
2 34 35
2 42 68
1 67 r
1 10 j
2 14 29
1 6 q
2 3 6
1 44 u
2 9 31
1 57 t
2 31 59
1 9 b
1 1 z
1 61 k
2 55 61
2 5 39
2 7 28
2 16 66
1 53 r
2 11 56
1 58 r
1 39 v
2 31 41
1 41 s
1 8 a
2 21 21
2 12 42
2 37 61
2 29 56
2 21 49
2 39 65
1 21 r
2 9 33
1 64 i
2 3 35
1 8 x
2 10 40
1 51 z
2 36 65
1 50 j
1 62 h
2 9 33
2 3 16
1 23 n
2 38 48
1 66 o
2 27 51
2 10 27
2 34 58
2 8 45
1 36 c
1 16 e
1 55 t
1 9 m
2 65 70
1 53 t
2 46 54
1 5 m
2 58 65
2 4 22
1 64 c
1 4 h
1 13 w
1 59 q
2 28 52
1 8 l
2 31 50
1 62 c
2 8 67
1 48 g
1 20 p
1 64 l
2 40 52
1 57 q
2 24 53
1 60 x
2 17 27
2 26 29
1 4 b
2 43 63
1 58 w
2 23 33
2 51 62
1 57 k
2 27 30
2 29 66
1 26 t
1 26 m
2 5 23
2 16 55
1 57 o
2 39 70
1 23 f
2 2 58
2 6 41
1 6 x
1 37 q
2 20 22
1 37 r
1 6 j
1 27 s
1 45 a
2 58 62
2 31 40
2 2 60
2 63 68
2 52 69
1 16 e
2 19 42
2 10 35
1 3 e
1 7 b
2 58 63
2 31 46
1 57 e
1 69 k
2 10 54
1 59 m
1 9 q
2 45 53
2 21 25
1 44 q
2 44 55
2 53 58
2 30 45
1 19 k
2 14 64
2 55 57
1 20 t
1 34 c
1 51 g
1 24 n
1 15 o
2 3 63
1 15 w
2 38 43
1 65 f
1 14 y
1 52 e
1 32 g
1 40 r
2 61 64
2 7 66
2 35 53
2 3 63
1 47 f
1 15 r
1 55 u
2 24 26
1 52 v
2 19 62
1 45 l
1 33 n
2 50 60
1 5 m
2 22 59
1 53 x
1 32 o
1 11 z
2 26 26
1 3 b
2 62 66
1 70 s
1 23 q
2 24 48
1 36 e
2 4 65
1 34 n
1 47 n
1 67 w
2 12 21
1 16 m
1 62 b
1 27 i
1 39 t
1 65 v
1 2 d
2 5 69
2 31 40
1 51 k
1 59 a
2 37 55
2 10 59
1 48 e
2 37 40
1 59 w
2 7 22
1 21 c
1 14 o
1 11 w
1 62 i
1 47 u
1 49 d
1 38 t
1 62 i
1 45 r
1 42 i
1 67 x
2 5 68
2 37 59
1 34 q
1 17 z
2 30 37
1 62 j
1 5 r
1 31 p
1 36 t
1 41 k
1 69 b
1 69 m
2 44 57
2 30 69
1 20 o
2 40 49
2 35 47
2 26 41
2 20 36
1 33 y
2 3 46
2 14 27
2 14 49
1 35 z
1 61 o
2 35 63
1 16 i
2 59 69
1 22 r
1 51 e
1 38 g
2 23 48
2 19 38
2 45 66
1 9 v
1 33 n
2 13 14
2 10 60
1 10 l
2 17 35
2 13 50
2 6 17
1 35 y
2 29 49
2 34 63
1 18 g
1 6 s
1 61 i
1 21 i
1 20 b
2 5 25
2 56 66
2 23 28
2 3 9
2 53 63
1 41 t
2 32 63
2 12 22
1 33 t
1 17 c
1 26 h
2 40 70
2 24 58
2 2 21
1 3 j
1 8 y
1 68 q
1 32 v
1 61 s
2 60 61
1 68 w
2 2 7
1 38 k
2 10 34
1 62 u
1 33 f
1 53 a
2 12 29
2 34 60
2 12 29
2 4 41
1 32 z
2 6 15
1 47 r
1 45 h
2 47 59
1 40 k
2 12 19
2 1 22
1 47 e
1 41 f
2 44 46
1 12 g
2 12 22
2 24 25
1 52 x
1 31 w
1 65 r
1 26 j
2 12 57
2 50 67
2 60 69
2 29 59
2 20 32
1 18 e
2 23 46
1 15 e
2 34 62
1 42 p
1 46 k
2 4 44
2 12 56
1 68 n
2 3 65
1 1 y
2 41 41
1 6 v
1 7 h
2 11 34
1 67 v
1 7 b
1 55 c
1 34 x
2 7 53
1 4 p
1 19 v
2 6 68
2 20 22
2 20 60
1 42 j
1 50 x
1 44 k
1 49 c
1 31 s
1 28 g
1 13 s
2 20 51
1 4 s
1 26 z
1 62 k
1 44 q
1 1 s
1 6 g
2 47 51
2 32 56
2 22 30
1 20 f
1 8 b
2 60 63
2 31 45
2 26 29
2 9 48
2 9 37
1 44 p
2 20 66
1 61 a
2 54 62
2 15 69
1 60 q
2 33 37
2 4 56
2 18 33
1 28 z
2 45 48
2 18 21
1 60 v
1 66 f
1 48 r
2 15 69
1 60 a
1 11 x
2 14 16
1 31 n
1 53 e
1 1 l
2 21 47
2 22 26
1 44 n
2 30 50
1 32 x
2 13 67
1 47 z
2 29 43
1 68 e
2 33 40
1 12 d
2 42 54
2 36 40
2 22 63
2 35 39
1 56 v
1 37 u
2 33 63
2 7 8
2 24 44
1 17 i
2 25 54
2 21 61
2 28 61
1 13 o
1 17 e
1 2 j
1 43 d
2 65 68
1 21 c
1 65 m
1 35 l
2 21 62
1 11 x
2 63 70
1 8 i
1 62 q
2 5 52
1 7 g
2 3 8
1 31 y
1 14 e
1 26 r
1 24 c
2 30 45
2 35 67
1 64 r
2 21 69
1 48 w
1 12 q
2 17 56
2 8 46
1 20 c
2 35 59
1 56 p
2 19 53
2 9 18
2 14 22
1 27 v
2 31 64
2 15 43
2 17 35
1 21 y
2 15 39
1 54 t
2 8 64
2 49 64
1 67 j
2 1 36
1 24 p
2 3 45
2 51 66
1 21 i
1 34 k
1 1 y
2 15 25
1 2 s
1 39 k
2 34 58
1 65 t
1 47 z
1 12 b
2 5 27
2 16 67
2 4 32
2 29 37
2 19 34
1 2 y
2 15 41
2 12 48
1 70 a
1 21 z
2 20 24
1 4 z
2 39 42
2 55 68
1 44 k
2 9 68
1 67 p
2 1 26
2 9 17
1 5 t
2 21 51
1 36 e
1 70 f
1 21 q
1 1 i
2 6 17
1 45 v
1 9 t
2 2 42
1 26 f
2 52 54
2 1 67
2 1 60
1 68 t
1 38 z
2 23 55
1 31 m
2 45 65
1 25 v
1 10 t
1 44 n
2 9 69
1 25 o
2 10 21
2 44 48
2 24 39
1 4 p
1 32 d
2 5 63
2 54 62
1 70 n
1 50 m
2 16 35
1 16 o
1 12 v
2 9 53
1 56 l
1 10 p
1 27 t
2 17 40
1 37 g
2 7 11
2 32 54
1 15 s
1 4 k
1 48 u
1 21 h
1 26 v
2 64 70
2 28 35
1 1 q
2 43 63
1 61 p
1 33 z
1 64 x
1 1 j
2 13 30
2 53 67
2 22 56
1 17 d
2 37 56
2 51 60
1 39 l
1 7 t
1 28 k
1 46 v
2 27 55
2 12 15
2 25 31
2 8 60
1 25 m
1 51 x
1 35 m
2 4 47
2 4 40
1 3 q
2 14 31
2 36 53
2 13 52
2 45 62
1 68 m
1 12 w
1 56 i
2 12 19
1 59 i
1 63 b
2 32 66
2 58 69
1 34 y
2 14 46
2 4 18
1 55 r
1 70 h
1 44 l
1 9 z
1 58 r
1 49 p
2 30 33
1 24 d
1 63 i
1 45 j
1 41 k
1 29 z
2 12 33
2 31 44
2 3 24
2 24 61
2 21 40
1 23 f
2 4 28
2 51 53
1 20 n
2 9 69
1 29 r
2 65 70
1 20 l
2 18 40
2 17 35
1 52 x
1 16 z
1 59 w
2 4 9
1 9 b
2 1 27
1 55 u
1 61 g
2 33 34
1 68 e
2 42 51
2 37 63
2 10 36
2 5 8
2 7 50
2 19 32
1 43 n
1 1 p
1 4 o
1 53 z
2 52 55
1 44 a
2 17 22
2 4 7
2 24 69
2 27 35
2 7 12
1 45 g
2 12 35
1 26 u
2 9 49
1 8 u
1 43 t
2 11 35
2 54 67
2 27 39
2 2 8
2 58 62
1 32 w
2 65 67
2 10 36
1 58 c
1 66 e
1 8 u
1 60 y
2 22 52
1 28 v
1 55 b
1 18 j
2 41 49
1 34 g
1 38 v
1 32 p
2 4 4
2 4 30
1 16 r
1 55 p
2 9 56
1 35 h
2 29 30
2 44 47
1 52 c
1 5 l
1 64 p
2 2 24
2 20 45
1 65 g
2 5 59
1 16 a
1 58 c
1 3 x
1 7 b
2 40 54
1 30 m
1 3 o
2 23 57
1 46 c
1 68 t
1 52 g
2 45 58
1 5 b
1 40 x
2 31 57
2 40 57
2 1 4
1 36 z
2 21 50
1 56 m
1 9 j
1 2 h
2 21 49
2 28 58
1 24 g
1 49 b
2 33 60
2 35 39
2 23 70
1 61 d
1 27 c
1 55 t
1 3 o
2 19 51
1 14 a
1 61 u
2 13 66
2 36 58
2 36 46
1 6 t
1 42 w
1 38 t
2 51 58
1 4 o
2 26 54
2 44 51
1 15 o
1 63 u
2 10 48
2 34 38
2 27 68
1 30 g
2 7 43
2 10 49
2 38 44
2 24 63
1 23 g
1 11 r
2 25 34
2 13 52
2 18 48
1 12 g
2 15 44
1 38 q
1 5 i
1 28 n
1 35 m
2 36 41
2 22 43
2 12 32
1 19 k
2 44 54
1 57 z
1 21 b
1 11 l
1 65 w
2 53 65
2 18 30
1 47 o
1 19 u
2 8 11
1 17 y
2 36 40
2 4 36
1 49 b
2 28 57
1 69 r
2 37 54
2 31 46
1 27 z
1 26 i
2 44 48
1 52 y
1 20 r
2 24 54
1 48 n
2 32 60
2 6 51
1 6 x
2 27 43
2 47 50
2 21 64
2 6 28
1 14 i
1 25 b
2 38 47
1 36 c
2 8 13
2 29 44
1 10 n
1 30 p
2 34 56
1 45 v
2 9 60
1 37 s
2 30 47
1 14 w
1 28 i
1 39 s
2 6 44
2 30 36
1 55 b
2 51 57
1 41 r
1 10 j
2 2 69
2 11 38
1 1 c
1 17 x
1 18 n
1 33 p
2 39 50
2 41 65
2 10 44
1 18 l
2 18 34
2 45 61
2 24 30
2 16 43
2 31 36
1 19 i
2 22 24
2 40 52
2 18 20
2 13 26
2 23 60
2 56 63
1 57 o
2 34 66
1 40 i
1 41 h
1 40 d
2 14 17
1 29 k
1 56 h
1 3 n
2 30 63
2 57 62
1 34 g
1 63 i
1 15 o
2 31 65
2 3 31
1 45 u
2 42 68
2 1 39
1 32 g
1 12 p
1 19 z
1 47 b
2 25 38
2 15 43
1 52 w
2 6 34
1 55 o
2 32 59
1 11 y
1 60 c
1 55 r
2 36 68
2 14 22
1 14 i
1 60 d
2 27 38
1 27 a
2 30 56
2 10 43
2 15 63
1 55 j
1 58 o
1 39 o
1 35 a
1 4 x
1 44 y
2 2 46
1 52 d
1 58 i
1 53 p
1 9 e
1 1 m
2 55 67
2 5 37
2 61 70
1 9 o
2 16 43
1 32 x
2 9 60
2 11 43
1 2 t
1 52 j
2 12 14
1 1 b
2 59 66
2 61 70
1 49 c
1 6 h
1 17 g
2 1 53
1 24 r
1 20 q
1 19 l
2 17 50
2 24 49
1 4 u
1 67 w
1 61 k
2 28 31
2 30 62
1 26 i
2 19 66
1 45 c
1 6 u
1 53 u
2 15 40
1 48 g
1 10 o
2 3 39
1 64 s
2 12 57
1 67 a
2 24 64
1 22 u
2 54 58
2 34 40
2 28 32
2 52 59
1 24 i
2 6 47
1 62 u
2 21 44
2 2 7
1 50 o
2 24 56
2 13 49
1 67 k
1 67 m
1 10 v
1 47 a
2 1 69
1 40 e
2 28 46
2 14 65
1 30 d
1 57 y
1 65 y
1 36 m
1 16 u
1 51 r
2 17 35
1 7 d
1 46 m
2 38 53
2 40 43
2 60 70
2 63 64
1 36 w
1 34 x
1 70 p
1 7 c
1 17 d
2 48 52
2 22 56
1 11 o
2 40 47
1 14 m
1 17 m
1 53 b
2 8 34
2 39 41
1 48 c
2 4 30
1 46 b
1 10 m
1 69 i
1 40 l
1 36 h
1 33 m
1 40 s
2 2 68
1 31 m
1 41 c
1 25 u
2 2 48
1 22 y
2 35 66
2 23 30
2 4 13
2 5 14
2 14 55
2 18 67
1 43 q
2 13 34
2 10 21
2 22 64
1 56 t
2 23 38
2 27 64
1 18 z
2 6 9
2 3 59
2 27 48
1 37 b
2 41 58
2 13 52
1 17 j
1 10 a
1 32 e
2 56 70
1 48 m
1 18 a
1 57 x
1 17 h
1 10 l
1 63 j
1 32 l
2 13 68
1 66 i
2 26 38
2 20 54
1 50 j
1 44 c
2 31 54
2 17 52
1 43 v
1 50 x
2 5 14
2 21 49
2 2 69
1 12 u
1 70 i
2 4 24
2 16 59
2 13 69
2 7 67
2 20 36
1 17 u
2 30 47
2 27 31
1 53 t
2 38 55
1 52 n
2 33 44
2 4 65
1 37 c
1 58 f
1 57 p
2 41 61
2 51 54
1 23 j
2 36 46
1 25 e
1 48 m
2 45 69
1 3 h
2 7 59
1 63 g
1 58 y
2 2 32
2 38 51
2 15 45
1 51 j
2 37 43
2 7 37
2 1 27
1 34 u
2 10 68
2 5 38
2 3 68
1 5 b
1 36 w
2 54 65
2 24 50
2 18 63
2 44 49
1 36 b
1 29 u
2 7 60
1 43 z
1 19 u
2 16 25
1 15 i
2 40 59
2 26 30
2 43 63
1 49 t
1 70 h
2 51 59
2 23 65
1 29 g
2 11 44
2 38 46
1 54 g
1 48 v
2 4 36
1 32 d
2 47 47
1 48 z
2 4 61
1 14 f
1 54 v
2 2 9
1 17 i
2 9 20
1 16 d
1 9 g
1 46 m
2 35 62
1 2 d
2 14 14
1 29 w
2 38 42
2 31 65
1 15 w
1 43 f
1 49 r
1 68 x
2 30 63
1 31 w
1 18 c
2 21 31
2 57 66
1 19 p
1 4 g
2 21 44
1 25 f
2 14 66
1 33 h
2 5 62
2 17 65
1 1 d
1 70 o
1 19 y
1 52 p
2 20 43
1 13 q
1 51 e
2 1 63
2 18 40
1 39 n
2 13 70
1 62 h
2 11 34
1 46 u
2 28 50
1 18 d
2 12 53
2 12 70
2 9 46
1 15 q
2 34 48
1 54 b
2 43 47
2 41 64
1 68 y
1 41 v
2 4 56
1 48 t
2 39 50
2 23 30
2 66 69
1 19 m
1 36 e
1 34 k
1 47 y
2 32 68
1 51 d
2 27 53
2 54 58
1 64 v
2 22 31
2 4 13
2 28 43
2 28 59
2 45 46
1 44 a
1 8 p
2 15 44
2 49 66
2 2 38
2 8 32
2 20 27
2 18 28
2 8 24
1 36 j
2 46 58
1 13 x
1 37 a
2 43 67
2 17 50
2 47 62
1 29 d
2 29 60
2 2 59
2 52 66
2 26 30
1 62 h
1 48 g
2 33 40
2 2 56
2 19 33
1 42 c
1 40 f
2 18 63
1 1 z
1 2 h
2 58 62
2 20 39
2 10 34
1 43 b
1 45 m
2 2 44
2 3 64
2 3 13
1 9 c
1 11 h
1 50 o
1 10 q
1 18 d
1 64 e
1 62 d
1 1 o
1 49 z
1 31 h
1 20 l
2 46 66
1 42 v
2 3 55
1 27 i
2 23 42
1 33 q
1 65 x
2 54 54
1 26 j
1 31 j
2 13 56
2 17 26
2 44 45
1 16 v
1 51 m
1 21 b
1 56 e
1 11 w
1 50 w
1 19 m
2 25 29
2 16 70
2 61 69
2 34 39
1 11 o
1 43 p
1 62 w
2 3 42
2 48 50
2 64 70
2 23 35
1 15 d
2 36 44
1 42 o
1 29 x
2 33 53
2 52 67
2 7 41
1 26 u
1 43 l
1 13 s
1 56 x
2 57 68
2 24 60
1 38 m
1 12 o
2 9 20
2 56 68
1 54 s
2 52 62
2 34 40
2 42 50
2 17 43
2 32 51
2 24 29
1 37 s
2 31 60
1 70 y
2 28 60
1 43 m
1 37 r
1 50 b
2 10 42
1 59 z
1 34 r
2 46 69
1 37 u
1 50 z
1 22 h
1 25 d
1 5 z
2 10 22
1 2 k
2 12 50
2 32 36
1 64 z
2 29 66
2 21 68
1 26 e
1 27 w
2 5 69
1 66 j
2 45 53
2 30 43
2 12 30
1 63 d
2 17 52
1 69 h
2 16 55
1 41 h
1 7 j
2 22 54
1 17 v
2 38 45
2 1 59
1 44 o
2 44 66
2 43 51
1 40 j
2 30 35
1 30 l
2 7 15
2 20 62
1 47 p
2 3 9
2 8 54
1 62 m
2 51 54
1 52 m
2 26 60
1 14 e
2 50 69
1 33 o
1 8 w
2 34 40
1 63 q
1 12 i
1 67 r
1 44 v
2 10 26
2 3 5
1 21 z
1 11 m
2 21 54
1 38 s
2 44 51
1 62 b
1 13 c
2 14 44
1 65 n
2 19 32
1 27 m
1 46 r
2 28 65
2 23 37
2 4 20
2 24 49
2 26 46
1 60 i
1 45 d
1 29 v
2 44 51
1 9 q
1 44 r
2 15 53
2 47 53
2 6 9
2 19 46
2 5 43
1 29 p
2 8 21
1 2 f
1 11 k
2 40 62
2 23 55
2 16 24
2 44 68
2 3 4
1 55 h
2 3 8
2 4 26
2 39 70
2 11 50
1 14 d
2 10 53
1 56 f
2 42 56
2 17 64
2 7 56
2 55 62
1 19 l
2 10 54
2 48 48
1 70 m
2 41 62
2 5 48
2 8 39
2 23 25
2 22 24
2 9 56
1 38 e
1 27 k
2 13 40
2 1 32
1 27 e
2 12 40
2 21 41
2 26 47
1 20 k
1 9 k
2 13 55
1 70 i
2 12 58
2 15 39
2 4 54
1 36 x
2 10 46
2 56 65
2 11 64
1 18 x
1 33 z
2 1 5
2 12 32
1 7 f
1 38 k
2 48 50
2 20 69
2 28 31
1 31 c
2 6 20
1 21 z
1 16 r
2 58 63
2 13 25
1 7 f
1 3 s
1 38 e
2 4 10
1 1 n
2 23 38
1 26 r
2 24 27
1 23 x
1 32 o
2 9 56
2 23 70
1 3 g
1 13 m
2 7 68
1 28 p
2 3 64
2 26 36
1 4 i
1 45 n
2 17 40
2 37 42
1 22 g
1 45 p
1 40 e
2 36 49
1 65 g
1 63 y
2 12 14
1 28 i
2 33 35
1 21 d
2 30 53
1 35 j
2 30 64
2 29 45
2 2 65
1 10 u
1 3 r
2 27 58
2 34 59
2 38 70
1 7 y
2 43 58
1 68 x
1 44 j
1 52 z
2 20 69
1 41 x
2 16 20
2 15 70
2 19 45
1 30 g
1 52 x
2 15 38
2 59 70
1 57 e
2 11 37
1 21 w
1 59 n
1 39 a
2 25 57
1 12 h
1 49 x
2 4 30
1 63 y
2 26 30
2 3 66
2 1 9
1 11 z
1 6 h
2 30 63
2 21 25
2 16 36
1 47 m
2 39 69
2 27 59
2 2 58
1 46 t
2 17 59
2 10 35
1 7 k
1 68 a
1 38 q
2 20 61
1 59 s
2 34 39
2 3 3
1 58 s
2 5 7
2 32 49
1 12 a
1 67 t
1 48 x
2 36 52
1 65 z
1 18 z
2 18 70
1 58 t
2 43 63
1 19 z
1 15 v
2 10 70
2 37 60
2 7 62
1 38 l
1 32 f
1 69 z
2 60 66
1 3 g
2 1 64
2 34 64
1 6 r
1 54 t
1 37 c
2 54 62
2 9 44
2 40 70
2 26 41
1 17 o
2 52 59
1 33 n
2 5 66
1 44 u
2 8 21
1 58 c
2 39 40
2 49 58
1 18 o
1 38 i
1 44 t
2 2 47
2 24 48
2 54 64
2 1 20
1 21 e
2 61 61
2 41 54
2 54 55
1 68 u
2 17 21
1 10 k
2 9 70
1 11 u
2 14 36
1 45 e
2 5 64
2 39 41
1 26 b
2 2 42
2 34 64
2 15 40
2 67 68
2 29 31
2 30 45
1 2 f
2 32 66
1 45 k
1 25 m
1 29 i
1 34 h
1 61 j
1 5 f
2 35 40
1 32 q
2 16 38
1 65 e
1 22 p
2 12 67
2 12 59
2 41 67
1 40 x
1 21 v
1 69 j
2 46 46
1 24 b
2 53 58
1 1 q
2 35 65
2 40 67
1 20 j
2 7 19
2 23 59
2 11 19
2 44 60
1 65 t
2 52 56
1 3 w
2 4 56
1 69 x
1 60 c
2 16 19
2 25 57
1 67 w
2 36 37
1 13 h
2 20 70
1 8 c
2 32 68
2 2 32
1 7 n
1 2 n
1 60 b
2 2 52
1 28 g
2 46 55
1 9 s
2 4 17
2 40 54
1 68 r
2 33 33
2 30 40
1 25 o
1 27 h
2 39 57
1 49 y
1 45 f
2 27 47
2 37 63
1 41 e
1 13 d
1 47 z
1 35 b
1 59 g
2 9 59
1 67 f
2 41 60
1 63 d
2 28 69
2 5 61
2 5 51
1 21 p
2 4 7
2 15 23
2 1 29
2 9 62
1 65 o
1 19 e
1 56 w
2 6 68
1 64 v
1 38 h
1 20 v
2 52 53
1 51 l
1 35 z
2 24 68
1 9 x
1 12 z
2 42 47
1 61 c
1 7 f
1 9 l
2 2 32
2 29 59
1 47 g
1 51 o
2 16 36
2 8 64
1 31 r
2 36 50
2 34 69
1 46 a
1 37 u
2 36 49
2 21 22
1 58 l
1 63 t
2 21 38
2 6 36
1 39 p
2 1 38
2 20 39
1 70 v
1 15 u
1 51 i
2 49 67
1 61 y
2 27 55
2 20 28
2 24 55
2 24 65
2 19 40
2 24 63
2 8 60
2 38 53
2 20 55
1 30 p
1 30 l
2 11 69
1 10 w
1 18 w
1 2 r
1 67 k
1 10 v
2 25 53
2 10 66
1 25 t
1 25 c
2 12 14
2 26 63
1 33 k
1 44 s
1 54 j
2 2 57
1 13 s
2 2 13
2 11 62
1 26 r
1 35 w
1 38 n
1 32 h
2 54 70
2 10 14
2 8 29
2 21 46
1 3 u
2 21 53
1 53 v
1 1 u
1 8 w
1 8 n
1 2 m
1 32 z
2 6 14
1 61 w
1 7 p
2 44 64
1 11 e
1 14 t
1 10 d
2 29 66
1 70 t
1 63 g
1 6 t
1 68 x
2 44 62
2 33 65
1 42 s
1 14 x
1 48 n
1 61 y
1 5 o
1 42 k
2 58 69
2 52 65
2 7 64
1 46 f
1 49 v
2 8 16
2 37 56
1 37 o
2 27 47
2 7 24
2 10 54
1 60 s
2 20 45
1 63 b
2 48 68
2 9 54
2 11 31
2 28 58
2 19 61
1 12 t
2 41 66
1 42 n
2 8 35
1 2 j
2 14 21
1 14 n
1 22 i
2 61 70
1 35 a
1 59 j
1 69 l
1 62 a
1 14 q
1 40 k
1 20 e
2 16 23
2 9 32
2 35 60
2 38 42
2 10 22
1 36 f
2 11 57
2 46 67
1 52 d
2 27 31
1 54 i
2 35 50
1 69 z
1 55 u
1 49 n
1 66 a
1 13 z
1 40 r
1 55 v
1 40 a
2 40 46
1 17 s
2 7 15
2 18 43
2 1 38
2 10 44
1 61 t
2 51 63
1 8 j
1 28 i
2 42 54
2 6 46
2 20 42
2 16 46
2 19 25
1 32 c
1 52 p
2 11 63
1 10 m
2 23 37
1 30 d
2 10 25
2 24 69
1 49 q
1 4 m
2 15 62
1 48 o
1 34 p
1 46 s
2 15 32
2 63 68
1 10 m
1 57 p
1 46 d
1 17 q
2 20 69
2 58 58
1 64 h
1 6 e
2 12 39
1 58 q
1 41 b
1 53 u
1 6 d
1 41 z
2 8 64
2 4 7
1 3 s
2 34 63
1 43 w
1 25 a
1 68 f
2 17 28
1 42 r
1 15 e
2 32 57
2 48 64
2 39 70
2 54 64
1 9 e
1 45 a
1 14 f
2 1 62
2 22 39
1 9 i
2 21 34
1 56 j
2 31 70
2 5 39
2 13 37
2 4 48
1 17 l
2 17 42
1 34 k
2 56 64
1 1 c
2 51 52
1 15 l
2 4 53
1 54 d
1 20 p
1 31 b
1 70 k
1 23 q
2 14 38
1 39 d
1 13 t
2 29 37
1 29 q
2 61 64
1 59 n
1 5 u
1 52 b
2 2 6
1 31 p
2 42 64
1 14 h
1 9 b
2 44 67
1 7 l
2 5 15
1 23 c
2 18 69
1 39 k
2 10 52
1 45 u
2 1 63
2 12 21
1 63 s
1 13 z
1 30 l
1 58 f
1 40 f
2 16 20
2 11 31
1 14 o
2 12 56
2 63 65
1 56 o
1 51 s
1 35 f
2 42 65
1 63 r
1 59 z
1 14 y
1 56 i
2 11 69
1 65 s
1 23 g
1 28 k
1 20 j
1 44 l
1 7 x
1 23 a
1 17 p
1 53 d
2 16 23
1 28 v
2 24 38
2 45 66
2 33 49
2 55 64
1 42 y
2 34 51
2 35 46
1 41 z
2 2 23
2 2 14
1 23 m
1 64 s
2 20 61
2 5 56
2 32 55
2 1 60
2 45 49
2 10 50
1 63 g
1 45 h
2 20 28
2 21 70
2 25 64
2 20 41
1 7 q
2 16 42
2 45 51
2 22 44
2 5 55
2 25 37
1 3 z
1 29 c
2 35 59
2 15 68
2 15 65
1 47 y
1 7 m
1 22 g
1 52 p
1 23 t
2 1 25
2 54 54
1 29 v
1 69 n
1 42 p
1 63 b
1 58 k
1 69 v
2 48 58
2 42 54
1 4 p
2 49 65
1 4 h
2 18 59
2 42 54
2 26 52
2 13 33
1 45 o
1 67 i
1 20 z
2 54 64
2 42 64
1 53 s
1 48 w
2 8 11
1 49 b
2 9 30
1 29 h
2 62 62
1 46 b
1 46 y
2 49 50
2 53 70
1 65 g
2 37 66
2 7 55
2 12 25
2 59 68
2 14 62
2 21 67
1 48 y
2 6 36
2 2 34
1 1 z
1 51 y
1 22 l
2 26 31
2 11 31
2 52 69
1 17 m
2 30 65
1 65 i
1 21 c
2 4 19
2 15 23
2 29 47
1 61 z
1 64 l
1 35 f
2 49 68
2 10 47
1 1 s
2 47 64
2 26 41
2 26 34
1 28 r
2 33 58
1 7 u
1 69 q
2 27 61
1 45 s
1 47 h
2 57 64
1 52 j
1 19 x
2 33 48
1 65 e
2 24 60
2 54 64
1 17 q
1 3 o
2 45 54
2 31 41
2 18 53
2 50 51
1 59 f
2 11 41
2 45 54
2 33 58
1 52 j
2 7 59
2 18 19
1 7 k
2 34 63
2 45 68
1 65 l
1 1 p
1 36 j
2 27 58
2 28 46
1 33 w
2 4 43
1 10 u
2 25 69
2 62 66
1 62 z
2 37 51
1 52 x
2 28 59
1 8 x
2 1 42
1 55 v
2 1 33
2 1 49
2 15 49
2 6 69
2 7 58
1 16 i
2 37 61
2 5 16
1 42 p
1 36 t
2 12 53
2 56 70
1 59 j
1 18 r
2 31 40
2 22 40
2 24 36
2 2 3
1 60 d
1 25 k
1 45 l
2 56 66
1 2 i
2 42 47
1 29 v
2 24 40
1 30 a
2 39 49
2 66 67
2 6 7
2 35 43
1 63 f
2 42 44
2 17 31
2 27 68
2 11 14
2 51 54
2 3 64
1 13 s
2 23 70
2 50 69
1 46 f
2 30 48
1 45 z
1 59 l
2 2 39
1 54 q
2 31 52
2 47 63
2 44 56
1 63 z
2 30 52
1 16 v
2 51 56
1 35 z
2 59 66
2 24 58
1 18 d
1 7 e
1 43 w
1 34 e
1 2 z
2 31 41
1 61 d
2 15 36
1 5 t
2 8 70
1 5 a
1 43 m
1 13 v
1 47 h
2 20 36
2 43 44
2 2 16
2 13 25
1 19 p
2 4 53
1 51 h
1 22 y
2 62 69
1 36 q
2 44 45
1 40 h
1 34 o
1 60 l
1 17 o
1 53 q
2 25 41
2 36 49
2 21 26
2 55 65
2 33 64
2 2 57
2 7 11
2 49 49
1 56 s
2 4 54
1 23 x
1 61 g
1 41 x
2 44 68
2 29 57
1 20 i
2 15 39
2 7 53
1 66 t
1 44 w
2 11 50
1 4 g
1 60 l
2 16 33
2 27 29
1 29 f
1 61 z
2 27 49
2 35 37
2 21 46
2 14 41
1 1 u
2 12 19
1 66 q
2 11 67
1 10 e
2 15 42
2 57 61
1 44 v
1 67 n
2 45 63
2 5 35
2 51 68
2 66 70
2 17 51
1 68 h
1 21 o
2 12 12
2 22 54
2 50 65
1 56 g
1 58 x
1 16 w
2 13 67
1 45 e
1 8 l
2 12 45
2 22 51
1 68 q
2 26 30
2 17 50
2 6 62
1 6 h
1 62 n
1 28 b
1 45 r
2 19 35
1 9 z
1 35 z
1 51 e
1 26 p
1 51 f
1 61 t
1 23 x
1 20 g
1 31 l
1 32 e
1 3 l
2 22 70
2 4 23
2 51 55
2 19 59
1 40 y
2 31 33
1 57 f
1 10 x
1 26 e
1 8 h
1 4 l
1 55 f
2 5 70
1 67 s
1 53 z
2 65 70
2 24 55
1 58 g
2 65 67
2 1 55
1 4 h
2 13 57
2 42 67
1 48 z
2 2 14
2 9 45
2 4 5
1 54 c
1 70 m
2 29 61
2 6 67
2 23 62
1 20 t
1 12 g
1 4 x
1 53 u
2 14 67
1 33 a
2 27 65
1 7 m
1 31 y
2 19 51
1 23 g
1 23 y
2 55 69
1 36 h
1 8 n
1 23 j
2 33 70
2 23 39
1 53 x
1 31 f
2 24 45
2 13 16
2 24 49
1 18 n
2 12 35
1 15 h
1 12 w
1 9 t
2 18 50
2 3 8
2 37 47
2 42 63
2 21 28
2 53 56
1 20 l
2 1 63
1 4 w
1 63 i
2 13 32
2 46 47
2 10 40
2 1 15
1 41 k
2 24 40
2 29 60
1 24 p
1 59 i
1 66 o
2 8 21
2 28 44
2 13 63
1 33 v
2 41 69
2 20 63
1 63 m
2 30 50
2 28 58
1 12 i
2 6 19
2 28 61
2 33 45
2 29 69
2 1 35
2 45 60
2 16 30
1 68 w
2 35 54
1 8 w
2 5 63
2 41 62
2 39 42
1 45 l
2 22 23
2 25 37
2 20 33
2 3 61
1 52 h
2 6 55
2 34 67
2 10 15
1 50 x
1 44 z
2 3 38
2 35 61
2 34 52
1 34 p
1 22 h
2 1 34
1 23 y
2 21 58
1 12 g
2 17 24
2 39 57
2 31 64
1 2 p
1 25 s
1 30 t
1 42 y
1 10 e
2 39 46
2 20 58
1 52 c
1 52 p
2 56 58
2 5 64
1 21 g
2 50 62
2 28 51
1 16 a
2 13 68
2 15 27
1 58 e
2 49 69
2 27 61
1 38 h
1 54 n
2 24 47
1 12 c
2 20 49
1 25 n
1 32 k
1 49 k
2 46 62
1 52 y
1 54 t
2 26 31
2 1 6
1 51 b
2 29 57
1 30 x
1 51 c
2 18 49
1 48 l
2 2 17
1 58 d
1 45 b
1 30 r
1 69 k
1 40 k
1 38 t
1 55 d
2 21 58
2 10 21
1 52 v
2 8 29
2 39 70
2 3 69
2 34 64
2 5 18
2 46 62
1 57 e
2 8 59
1 27 b
1 48 n
2 15 51
2 43 64
1 54 r
1 60 r
2 14 36
1 39 d
2 14 46
2 43 57
2 38 56
2 54 62
1 53 h
1 28 j
2 19 38
2 19 63
1 13 b
2 15 40
1 46 b
1 14 g
2 19 23
1 40 o
2 48 62
2 2 47
2 8 48
1 5 v
2 3 68
1 50 s
1 35 c
2 16 70
1 38 l
2 4 59
2 6 22
1 18 u
1 29 q
1 27 b
2 10 38
2 28 41
2 25 59
2 42 69
1 66 h
1 11 c
1 39 t
2 42 42
1 56 i
1 50 t
1 46 c
1 41 o
2 27 66
1 17 g
1 52 q
1 47 x
2 12 70
1 32 p
2 13 60
2 9 12
2 8 66
1 26 v
1 12 l
2 31 53
1 6 j
2 7 36
2 7 68
1 21 v
2 24 66
2 9 57
1 21 a
2 25 66
1 5 q
1 13 i
2 19 41
1 19 s
1 6 k
1 45 o
1 46 t
2 18 31
2 33 60
1 7 u
1 66 j
2 10 43
1 63 w
1 7 w
2 1 32
1 6 x
1 43 s
2 21 30
2 4 44
2 14 30
1 24 p
1 28 n
1 9 p
1 57 s
1 65 g
1 6 y
1 21 t
2 3 51
1 4 w
1 13 i
1 14 u
1 10 c
1 35 q
2 6 51
2 14 65
1 39 v
2 39 69
2 51 68
2 47 51
1 24 j
2 25 31
2 19 27
2 9 35
2 13 35
1 36 q
2 6 44
1 18 l
1 12 w
1 43 r
2 30 70
2 3 68
1 2 l
1 62 u
2 30 63
1 11 v
2 52 58
2 64 67
2 37 39
1 16 e
1 31 u
1 12 w
2 1 9
2 3 54
2 11 38
2 7 36
2 12 59
1 55 t
1 19 h
1 12 h
1 29 y
2 29 67
1 66 t
2 29 35
2 21 42
1 39 r
1 12 y
2 25 41
2 34 52
2 3 50
2 17 61
1 68 f
2 10 56
2 13 17
1 30 z
2 19 67
2 15 20
2 33 39
2 61 62
2 16 31
1 69 p
2 10 52
2 9 25
1 40 u
2 40 51
2 46 50
1 35 x
2 22 25
2 19 52
2 42 49
1 68 h
1 31 u
1 59 r
1 10 g
1 57 f
2 31 63
1 6 e
2 14 19
2 51 68
2 36 51
2 21 28
1 63 d
1 4 m
2 11 32
1 56 y
1 55 d
2 14 41
1 27 g
1 12 s
2 16 37
1 17 s
1 49 i
2 47 64
2 20 23
2 1 10
2 13 33
1 52 f
1 64 m
1 28 c
2 16 19
2 19 31
1 44 e
2 24 66
1 1 i
2 31 35
2 47 65
2 41 60
2 10 40
1 10 h
1 46 r
2 6 60
2 21 47
2 23 66
1 68 m
2 39 60
2 14 45
1 42 f
1 50 g
1 5 q
1 27 q
2 21 27
1 42 r
2 22 54
2 19 45
2 8 60
1 38 e
2 4 7
2 37 49
2 22 31
2 8 16
1 57 o
1 7 d
2 4 60
2 3 18
2 4 64
1 10 h
2 25 33
2 19 35
2 21 43
1 6 m
1 38 c
1 66 t
1 69 n
1 21 q
1 59 z
2 17 44
1 31 w
2 17 61
1 54 p
2 26 35
2 39 43
2 19 28
2 19 51
2 23 67
1 54 b
1 55 n
1 64 x
2 30 48
2 9 46
2 59 69
1 14 b
2 41 52
1 42 i
1 46 j
1 30 i
2 14 49
1 23 k
1 40 y
2 14 21
1 48 q
1 14 t
2 3 50
2 2 48
1 35 b
1 15 c
1 40 c
2 36 37
1 34 w
2 7 69
1 53 h
2 61 69
1 21 l
1 18 y
2 18 46
1 29 i
2 25 26
2 4 19
2 22 22
2 54 63
2 21 35
2 14 59
2 43 62
2 5 56
1 54 x
1 61 f
2 2 41
2 2 36
1 63 r
2 17 23
2 35 54
2 10 53
2 38 53
2 22 29
1 10 c
2 9 32
1 12 y
2 57 59
2 13 14
1 59 r
1 26 d
1 54 a
1 14 z
2 3 19
1 51 t
2 15 53
2 19 61
2 57 60
1 20 b
1 26 e
1 68 j
2 39 52
1 37 f
1 70 y
2 8 31
1 24 o
2 36 43
2 13 22
1 8 n
1 63 t
2 20 23
2 15 50
2 6 67
2 56 66
1 59 y
2 3 20
2 32 42
1 23 r
1 22 v
1 29 t
1 16 a
2 17 29
2 9 34
2 37 57
2 14 27
1 70 m
2 1 11
1 17 z
1 12 p
1 44 g
1 39 t
2 19 53
2 32 63
1 39 t
2 13 55
2 12 48
1 65 x
2 16 66
1 47 d
2 9 70
1 59 c
2 23 25
2 41 63
1 69 x
2 69 70
2 4 50
2 28 30
1 27 n
1 25 s
2 42 58
2 21 31
1 37 m
1 47 j
1 16 d
2 14 19
2 25 60
2 1 15
1 25 r
1 70 c
2 45 46
1 39 s
2 35 57
1 51 z
1 26 r
1 8 g
1 62 s
2 58 70
1 64 z
2 32 56
1 44 g
2 15 69
2 9 52
2 6 18
2 36 64
1 41 h
2 28 46
2 10 30
2 16 35
1 48 h
1 20 o
2 9 34
2 11 43
1 18 z
2 15 44
2 12 55
2 20 66
2 16 30
1 17 t
2 2 57
1 1 f
2 16 70
2 47 52
2 36 41
2 24 64
2 45 62
1 8 h
1 20 b
1 13 r
1 22 y
2 56 60
2 17 56
1 23 w
2 1 34
1 1 z
2 9 35
2 1 47
1 53 h
2 65 67
1 47 x
2 28 56
2 3 23
1 50 a
1 17 z
1 70 t
2 49 50
1 69 f
2 27 41
1 34 j
2 32 67
1 27 h
1 58 d
2 3 16
1 36 t
2 14 26
1 49 c
2 40 68
2 21 42
2 19 58
1 44 v
2 9 34
1 43 x
2 25 30
1 27 h
2 13 66
2 17 53
1 48 c
2 12 61
2 6 12
1 70 y
2 20 34
2 20 31
1 52 p
1 56 n
2 5 60
1 47 c
2 46 54
1 34 l
1 42 w
2 8 44
2 24 57
2 13 59
1 21 m
1 26 z
2 10 21
1 54 x
2 42 49
1 36 q
2 57 62
1 18 l
1 3 j
1 46 x
2 8 39
1 51 h
2 1 50
1 57 r
2 46 64
2 33 57
2 1 14
1 24 j
2 5 14
2 45 64
1 1 t
2 44 56
1 54 u
1 42 p
2 40 70
2 22 51
1 56 o
1 60 b
2 46 57
2 58 67
2 4 15
2 53 63
2 10 57
1 39 b
2 20 37
1 58 o
2 27 29
2 43 55
2 27 43
2 7 65
2 48 62
1 14 e
1 63 g
1 39 o
1 12 j
2 43 49
2 26 51
2 20 42
2 7 52
1 55 n
1 52 f
2 33 66
2 38 39
2 47 50
1 19 k
2 17 37
1 17 i
2 5 41
2 41 50
1 18 l
2 17 27
1 11 c
2 50 54
2 33 45
2 38 50
2 29 31
1 14 y
2 41 68
1 68 d
2 37 42
1 39 k
2 28 54
1 57 a
2 18 47
2 5 10
1 28 x
2 2 45
1 70 t
1 43 m
1 33 d
2 58 61
2 57 70
2 1 67
1 57 d
1 42 a
1 44 z
2 15 69
1 29 v
2 24 47
2 26 59
1 54 a
1 68 q
2 43 47
2 14 56
2 6 32
2 31 60
1 24 p
2 15 31
1 50 o
2 22 34
1 33 z
2 22 63
2 42 62
1 70 k
2 8 57
2 17 21
1 41 h
1 13 g
2 9 30
1 40 m
1 14 g
2 5 10
1 33 z
1 3 x
1 64 o
2 42 57
1 5 s
1 31 w
2 20 55
2 10 31
2 24 40
1 63 d
2 5 64
1 34 f
2 3 57
2 21 70
2 8 62
1 43 k
2 24 46
1 61 m
2 11 47
1 70 c
1 33 o
1 21 z
2 50 50
1 49 d
1 20 c
2 4 36
2 51 68
1 54 n
2 9 10
2 36 37
1 18 f
2 1 56
2 3 62
1 36 h
2 18 70
1 14 s
2 49 62
1 49 w
1 49 j
1 55 v
1 13 o
1 12 q
1 32 f
2 1 24
2 19 49
2 20 60
1 51 s
1 35 a
2 43 56
1 39 q
1 38 n
1 69 i
2 57 60
1 29 a
2 12 25
1 55 o
2 27 29
1 21 n
1 8 v
1 3 o
2 41 59
1 60 y
2 4 61
2 35 44
1 35 c
2 17 66
1 38 c
2 33 53
1 8 y
2 9 57
2 51 51
2 19 63
1 33 t
1 63 d
1 38 e
1 68 z
2 10 23
1 9 m
2 13 15
1 29 g
1 44 b
1 42 a
2 16 26
1 9 d
2 15 43
1 36 w
1 22 w
2 17 22
2 32 36
1 65 s
2 10 43
2 7 60
2 27 51
2 50 64
2 36 61
1 9 y
2 6 69
2 54 56
2 8 56
1 45 a
2 33 35
2 7 64
1 33 d
1 54 h
1 66 e
1 54 f
2 7 62
2 14 50
2 22 48
2 2 17
1 1 u
2 38 45
2 66 67
2 1 19
1 5 y
2 1 2
1 18 z
1 28 k
2 60 69
2 14 48
1 36 e
2 52 58
1 63 u
2 27 50
1 64 y
1 47 c
1 65 b
2 26 67
2 32 58
2 60 66
1 16 a
2 8 42
1 41 y
1 38 y
2 1 2
2 1 33
2 33 68
1 21 u
2 43 53
1 5 d
2 7 46
1 63 h
2 50 51
2 41 50
1 70 n
2 1 22
2 10 34
2 40 55
2 39 56
1 52 k
1 53 y
1 6 n
1 43 p
1 47 v
1 22 d
2 25 69
2 14 27
2 43 57
1 11 j
1 70 a
1 51 f
1 25 c
2 9 39
1 50 c
1 43 g
2 3 41
1 41 s
2 35 51
2 20 45
2 43 61
2 34 44
1 47 r
1 5 f
2 17 33
2 50 51
1 32 v
2 4 39
2 21 25
1 7 h
2 43 49
2 12 15
2 38 63
1 41 j
2 7 26
1 3 m
2 10 47
1 26 s
2 28 40
1 57 m
1 17 p
1 15 k
1 3 n
2 60 64
1 18 d
2 53 58
1 20 v
1 36 r
1 47 o
2 18 21
1 46 x
1 65 b
1 21 c
1 33 c
1 52 t
1 45 w
2 52 66
2 31 69
2 28 45
2 45 59
1 69 b
2 27 52
2 27 58
1 53 v
1 33 b
2 12 31
2 4 30
2 46 51
1 33 o
1 23 i
2 31 50
1 54 g
2 6 46
2 6 59
2 3 32
2 3 53
2 2 69
2 49 58
1 59 w
2 14 16
2 67 69
1 22 i
1 30 m
2 39 42
2 46 49
1 41 p
1 11 c
1 2 y
2 8 43
2 11 64
1 35 q
2 49 56
1 23 j
2 1 42
2 3 67
1 52 z
2 6 45
2 41 64
1 56 i
2 3 14
2 32 50
1 48 n
2 2 50
2 14 51
2 12 22
2 7 38
2 11 31
1 41 u
1 49 z
2 52 60
1 37 k
2 45 64
1 26 r
1 58 j
1 35 t
2 11 31
1 5 p
1 32 o
1 45 h
2 9 25
2 10 16
2 58 69
2 35 62
1 13 z
2 12 13
1 2 i
1 21 v
1 47 l
1 2 h
2 8 70
1 5 h
2 28 54
1 53 e
2 20 63
2 19 21
2 19 28
1 21 w
2 14 67
2 48 60
1 17 b
1 3 j
2 26 61
1 66 r
1 63 u
2 18 34
2 4 34
2 53 64
1 60 x
2 30 60
1 20 o
2 40 47
2 47 65
2 1 7
1 17 f
1 19 f
2 31 46
2 65 68
2 61 68
2 46 61
2 33 34
1 32 q
1 27 g
1 1 g
1 1 w
2 15 54
2 10 47
2 14 28
2 22 30
1 58 k
2 15 36
1 6 r
1 67 g
2 38 56
1 32 a
2 19 31
1 29 i
1 7 b
1 50 y
2 3 8
1 62 v
1 66 f
1 20 v
1 16 b
1 2 o
1 59 v
1 23 j
2 5 28
2 9 55
2 18 48
1 45 f
2 12 39
2 2 11
1 9 c
1 36 n
1 47 x
1 10 y
2 7 12
2 13 27
1 16 u
1 37 j
1 68 w
2 28 30
1 43 w
1 7 e
2 43 52
2 43 64
2 21 67
1 68 p
1 22 w
1 46 n
2 37 65
1 41 r
2 32 46
2 37 69
1 26 z
1 14 h
1 21 b
1 57 m
1 2 b
2 2 47
1 51 z
2 10 11
2 25 39
1 45 q
1 28 o
2 60 69
2 4 30
2 19 59
2 53 55
1 31 y
1 1 d
1 26 g
2 13 35
2 34 67
2 8 52
1 59 z
2 47 48
1 4 b
2 6 54
2 5 19
2 43 66
2 4 6
1 34 z
2 1 33
2 5 37
1 43 o
1 35 h
1 42 q
1 30 f
2 39 60
1 62 g
2 5 25
1 64 b
1 16 b
1 50 i
2 22 41
1 63 f
1 59 n
1 28 a
2 29 51
2 5 35
1 43 u
1 26 n
2 47 51
2 47 63
2 13 38
1 4 w
1 59 p
1 59 c
2 18 25
1 60 l
2 21 34
1 43 h
2 59 68
1 60 t
2 39 45
1 65 p
1 2 h
2 15 70
2 17 22
2 14 36
2 32 61
2 12 65
1 20 o
1 53 r
2 6 44
2 6 68
1 16 p
1 2 c
1 21 e
2 45 66
2 9 49
2 27 46
2 3 43
2 26 51
1 52 j
2 1 46
2 55 64
1 53 j
1 9 b
1 13 v
2 5 60
1 6 l
2 18 21
1 70 l
2 61 68
2 37 43
1 34 w
1 18 p
2 26 31
1 62 v
2 5 25
2 38 53
1 13 e
1 7 a
1 20 q
2 2 45
1 25 g
1 9 p
2 25 69
1 54 k
2 31 67
1 16 f
1 6 r
1 12 z
1 7 m
2 3 12
1 17 v
1 32 y
1 12 x
2 22 60
1 15 o
2 23 65
2 17 43
2 6 16
2 28 63
2 20 65
2 29 53
2 7 39
2 48 52
1 69 t
2 8 27
2 13 31
2 34 65
1 59 w
2 48 55
1 59 b
2 11 48
2 1 33
1 45 k
1 20 i
1 70 a
1 5 y
2 22 34
1 34 q
1 3 i
1 20 v
1 43 m
1 5 i
2 50 61
2 13 52
1 69 p
1 55 f
2 54 57
1 30 f
2 65 66
1 15 m
2 24 48
2 39 46
2 34 55
2 47 54
2 10 30
2 1 13
1 20 d
1 45 v
1 31 w
2 29 31
2 7 67
2 32 68
1 11 s
1 46 h
2 17 33
2 41 54
2 44 64
2 26 27
2 21 52
1 69 k
1 29 h
1 62 m
2 17 59
1 27 t
2 13 70
2 52 53
2 5 31
2 2 14
1 45 m
1 6 d
2 18 58
1 66 l
1 27 p
1 66 y
2 38 47
1 53 b
1 10 k
2 22 54
2 48 58
1 20 c
1 59 m
2 1 12
1 28 z
2 11 29
1 11 b
1 3 q
1 57 t
2 42 52
1 55 u
2 12 41
1 57 o
2 41 55
2 3 55
2 13 56
2 19 56
1 45 m
2 9 11
2 32 40
1 63 z
1 19 z
2 23 38
2 32 70
1 21 d
2 12 41
2 3 19
2 6 43
2 34 65
1 37 b
1 48 w
2 11 44
2 2 48
1 17 t
2 19 52
1 56 d
1 70 o
2 2 10
2 52 66
1 37 e
2 33 52
2 3 31
1 25 v
1 65 f
1 14 f
1 65 t
2 21 33
2 2 38
1 66 z
2 27 68
1 30 k
2 19 50
1 62 p
1 24 u
1 11 g
2 60 66
2 18 50
2 12 48
2 22 52
2 34 44
2 7 24
1 58 n
1 70 s
2 40 61
1 67 j
1 60 t
1 44 n
1 40 h
1 66 n
2 7 57
2 2 70
2 28 55
1 21 s
1 66 p
1 33 c
2 49 51
1 48 z
1 48 t
1 33 u
1 68 s
2 14 54
2 7 25
1 27 n
1 5 n
2 11 52
1 17 z
1 59 d
2 22 70
1 22 m
2 21 27
1 42 l
2 28 54
1 59 h
1 37 d
2 58 62
2 20 34
1 27 v
2 1 58
2 16 67
1 21 k
2 9 43
2 52 54
2 34 55
2 1 3
2 4 37
1 43 q
1 16 q
2 16 43
1 31 g
1 46 i
1 42 a
2 8 46
2 13 67
2 1 67
2 26 26
1 25 v
1 52 g
1 31 i
2 33 59
1 48 c
1 53 w
2 68 70
1 57 h
2 41 42
1 47 e
1 67 n
2 50 64
1 65 f
1 56 e
2 21 62
1 25 r
2 20 27
2 11 37
2 21 59
1 17 q
2 2 19
1 21 z
1 5 h
1 44 e
1 61 r
1 37 d
1 33 d
1 21 m
1 16 u
2 1 68
1 3 r
1 49 a
1 47 q
1 30 o
1 18 x
1 51 r
1 50 o
2 5 69
2 3 47
2 54 61
2 23 56
1 30 f
1 58 t
1 67 t
2 6 62
2 49 53
1 13 h
2 27 69
2 4 60
1 22 l
2 64 68
1 23 t
1 2 b
2 33 48
1 66 j
2 50 64
1 33 s
2 20 67
1 56 h
2 14 62
2 16 37
2 4 10
1 42 a
1 70 o
1 18 z
2 20 24
1 50 g
1 20 c
2 10 65
2 4 53
2 48 50
1 6 h
1 70 s
2 11 34
1 24 f
2 7 50
1 52 q
2 47 51
2 3 37
1 42 w
1 2 a
2 23 68
2 1 34
1 31 r
1 69 z
2 22 55
1 24 b
2 32 53
1 67 q
1 14 u
2 2 41
2 18 39
1 7 y
2 48 59
2 52 62
2 35 48
1 10 w
2 10 42
1 34 d
2 59 64
1 31 f
2 2 70
2 28 42
1 16 y
1 17 r
2 7 20
1 60 j
2 36 62
2 25 50
2 62 64
2 1 10
2 5 51
2 1 6
2 15 20
1 50 w
1 26 d
2 8 17
1 25 o
1 52 g
2 52 69
2 35 43
2 16 58
1 1 s
2 18 43
2 32 58
1 30 w
2 6 55
2 35 36
2 10 39
1 22 i
1 47 u
2 3 31
1 39 f
1 16 c
2 10 25
2 16 28
1 3 v
1 28 v
2 6 13
1 67 j
1 59 j
2 50 69
1 32 w
2 7 63
2 1 23
1 70 g
1 52 p
1 56 s
2 26 40
2 6 56
1 61 d
1 23 g
2 41 68
1 9 b
2 31 43
1 28 e
1 65 r
1 19 c
2 22 61
2 25 26
1 28 v
2 34 56
2 22 23
2 13 48
2 9 11
1 13 a
1 64 r
1 56 r
1 36 t
2 10 28
2 41 58
1 55 h
2 14 19
2 4 47
1 33 h
1 44 y
1 1 e
1 24 w
1 52 y
2 27 32
2 22 41
1 30 r
1 67 b
1 20 q
1 68 x
1 68 i
1 33 c
1 21 e
1 17 u
1 16 v
1 45 c
1 65 b
1 70 h
2 9 20
2 17 32
2 5 52
2 8 64
2 21 56
2 24 52
2 11 17
1 31 m
1 51 x
2 50 52
1 62 v
1 35 c
2 11 34
1 1 p
2 6 24
1 53 v
1 40 q
2 23 53
1 14 i
1 31 u
2 25 53
2 3 52
2 55 60
2 26 51
1 68 a
1 64 h
2 27 60
1 12 z
2 7 68
2 8 44
1 50 a
2 21 23
1 39 e
1 27 j
2 21 35
2 4 54
1 57 d
1 61 i
1 53 l
1 23 a
2 20 22
2 23 42
2 21 55
1 16 t
2 43 62
2 18 49
1 2 a
1 6 i
1 56 g
2 60 61
1 53 t
1 51 z
1 64 h
2 38 70
1 24 t
2 38 56
2 43 45
1 8 c
2 25 66
1 65 b
2 44 58
1 13 b
1 70 g
2 19 22
2 28 43
2 8 33
2 5 33
1 15 g
1 59 h
2 43 70
1 31 b
1 12 b
1 52 d
2 36 53
2 2 35
2 18 55
2 19 31
2 2 6
2 1 66
1 40 c
2 23 38
1 33 t
2 56 58
1 2 s
2 40 52
1 14 o
1 59 o
1 47 x
1 57 g
1 17 w
2 42 57
1 8 q
1 6 b
2 20 59
1 44 v
1 51 z
1 65 c
2 31 62
2 31 45
1 49 m
2 32 63
2 47 51
1 40 i
1 30 q
2 13 70
2 7 62
1 53 v
2 10 62
1 37 m
1 13 t
1 51 s
1 57 u
1 24 w
2 6 8
2 11 69
2 22 52
1 60 k
2 1 49
2 36 40
1 1 g
1 11 i
1 68 c
1 40 r
2 25 63
2 6 31
2 21 56
1 11 v
2 26 56
2 9 55
1 27 u
2 4 42
2 25 51
2 38 41
1 46 u
2 21 30
2 2 44
1 11 d
2 13 19
2 55 61
2 31 58
1 27 d
2 33 46
2 32 51
1 35 n
2 9 56
1 24 b
1 8 h
2 47 67
1 15 m
2 2 59
2 25 50
1 50 a
1 18 q
2 36 36
1 43 p
2 57 70
2 66 67
1 52 a
2 51 54
2 6 30
1 68 u
1 69 z
1 58 x
1 60 z
2 35 37
2 14 26
2 9 43
2 17 43
1 4 b
2 26 69
2 19 61
1 62 m
2 38 69
2 18 62
1 61 k
1 25 g
1 64 e
1 19 b
2 9 67
1 58 f
2 10 25
1 1 g
2 1 25
2 53 59
1 50 a
1 61 y
1 41 j
2 21 67
1 31 z
2 20 59
1 4 w
1 33 g
2 12 13
1 1 w
1 1 k
1 68 d
1 59 r
2 7 38
1 43 j
2 23 42
2 33 57
1 49 k
1 18 t
1 9 e
1 9 k
1 47 u
1 18 e
1 40 t
2 26 55
1 54 t
2 13 41
1 18 g
1 41 d
2 9 36
1 60 p
2 34 40
2 23 41
2 59 68
1 66 y
1 58 w
1 13 l
1 64 e
2 23 50
2 23 32
1 50 g
2 7 14
1 22 p
2 12 33
1 13 n
1 26 k
1 57 t
1 9 s
1 15 r
1 33 d
1 70 w
1 27 k
1 19 k
1 67 n
2 31 40
2 2 31
1 35 b
2 17 28
1 16 y
1 63 i
1 43 l
1 2 l
1 24 y
2 6 30
2 6 20
1 25 o
1 41 y
1 22 q
1 3 z
2 22 44
1 8 i
1 18 d
1 43 s
2 21 38
2 6 54
2 47 52
2 15 64
1 22 q
1 60 g
1 59 f
1 44 m
2 5 61
1 23 o
1 51 a
2 3 61
1 25 l
1 10 z
1 44 y
2 15 69
1 49 j
1 59 b
2 25 42
2 25 30
2 20 47
2 38 62
2 24 65
1 4 d
1 30 k
1 10 r
2 15 17
1 20 w
1 51 c
1 31 f
2 23 35
2 24 49
2 38 42
2 1 27
2 24 67
1 31 w
1 61 l
2 15 60
2 34 35
2 3 13
1 23 d
2 41 50
1 50 u
1 26 k
2 50 56
1 42 k
2 40 66
1 10 b
1 51 s
1 40 u
2 49 51
2 1 6
1 24 f
1 25 g
2 16 41
2 27 40
1 26 c
1 69 a
1 35 e
1 57 b
2 10 65
1 55 l
1 61 s
2 5 33
2 16 46
1 47 u
1 12 i
1 26 k
2 7 53
2 7 64
1 20 c
2 17 64
1 63 t
2 27 44
2 24 25
2 56 67
2 28 44
2 58 70
1 52 i
1 62 h
1 68 a
2 3 63
2 30 52
1 62 t
2 26 59
2 27 34
1 66 z
2 5 53
1 53 e
1 32 m
2 29 38
1 57 e
1 4 b
1 35 c
2 2 7
2 9 18
2 21 45
2 7 63
1 17 o
2 15 49
2 19 42
2 15 32
2 38 47
1 64 v
2 34 41
1 38 c
1 49 g
1 52 t
1 53 z
2 20 23
1 28 y
1 23 u
1 45 e
2 22 30
1 28 g
2 3 7
1 34 o
2 3 52
2 53 64
1 7 k
1 56 q
2 35 46
1 26 p
1 50 g
1 29 c
1 30 e
1 10 w
1 19 g
1 29 u
1 6 d
2 2 37
2 2 49
1 42 m
2 1 11
1 5 g
2 42 48
1 12 o
2 14 42
2 8 52
1 42 p
2 25 50
1 48 w
1 60 b
1 64 t
1 29 r
2 37 43
1 25 v
2 19 35
1 42 k
2 7 61
1 70 s
1 18 x
2 10 28
2 52 54
2 18 50
1 47 n
2 37 64
2 19 23
1 42 v
1 68 m
2 44 67
1 62 h
1 3 n
2 37 47
2 7 36
2 16 64
2 15 32
2 5 31
1 24 w
2 8 58
1 42 b
1 13 g
2 44 48
2 2 19
1 30 v
1 24 s
2 56 57
2 1 40
2 4 13
1 5 m
2 14 62
1 59 r
2 18 65
1 56 x
2 1 29
2 2 40
1 16 u
2 5 64
1 33 i
1 35 x
2 7 47
1 11 n
1 26 e
1 35 m
1 68 b
1 23 o
1 19 f
1 1 a
1 28 y
2 12 47
2 12 18
1 20 w
2 65 69
1 35 i
1 49 k
2 25 62
1 21 j
2 7 16
2 13 53
2 8 40
2 22 50
2 6 32
2 23 55
2 22 56
2 46 58
2 3 4
2 16 65
2 20 64
2 29 49
1 66 v
2 14 41
2 61 62
2 16 30
2 9 39
2 29 30
2 34 70
2 5 49
1 18 i
2 45 64
2 23 65
2 2 13
2 52 66
2 24 58
1 60 l
1 1 b
1 51 n
1 47 d
2 1 45
2 17 53
1 13 y
2 9 27
1 63 b
2 43 44
2 40 40
2 15 43
2 5 68
2 19 58
2 31 62
1 9 e
2 21 34
2 30 50
2 59 62
1 23 c
1 7 t
2 27 50
2 17 24
2 4 14
1 8 p
2 38 60
2 1 37
1 14 m
2 46 58
2 47 54
2 53 59
1 32 v
1 17 k
2 9 14
1 24 m
1 65 b
2 2 50
2 11 67
2 4 10
1 66 o
2 6 26
1 58 w
1 47 w
1 16 a
2 35 62
2 3 43
2 15 16
1 42 y
2 2 60
2 17 48
1 42 i
2 8 35
2 31 34
1 9 z
1 66 f
2 12 17
1 61 u
2 46 60
1 25 b
2 11 22
1 12 c
1 12 w
1 64 w
2 22 37
1 26 d
2 1 49
1 50 z
2 18 46
2 47 67
2 61 62
1 11 y
1 64 b
1 64 v
1 43 d
1 19 j
1 13 g
2 31 61
2 50 59
2 19 31
2 14 16
2 23 23
2 28 64
1 52 g
1 9 v
1 32 o
1 27 z
1 47 f
1 54 z
1 55 v
1 27 y
1 8 d
1 27 b
1 46 y
2 3 18
1 42 j
2 55 68
2 16 49
1 68 y
1 17 s
2 26 36
1 62 n
1 17 i
1 33 c
2 34 62
2 33 36
1 16 a
2 9 41
1 35 l
2 23 45
2 32 60
2 40 57
1 52 i
2 2 61
2 51 70
2 10 33
2 7 47
2 38 66
1 67 a
1 54 j
1 19 c
1 37 y
1 2 w
2 14 52
1 59 t
2 34 64
2 45 65
1 31 n
1 13 x
1 10 n
1 9 g
2 60 70
1 38 j
1 46 k
1 41 n
1 61 f
2 63 64
1 9 p
2 16 66
1 10 w
1 20 x
1 21 q
2 2 53
1 23 h
1 12 q
1 15 g
1 35 v
1 4 a
2 46 62
1 36 k
1 43 w
2 52 57
2 4 37
1 70 h
2 27 54
2 4 28
1 14 r
1 52 l
1 23 c
2 11 20
2 17 40
2 1 45
1 2 z
2 13 54
2 9 48
1 26 q
2 9 30
1 41 h
2 37 55
2 12 36
2 48 68
1 54 m
1 61 a
2 19 49
2 23 41
2 23 52
2 22 58
1 68 x
1 11 e
1 40 n
1 24 q
1 58 h
1 6 y
2 33 49
2 5 12
2 10 16
1 67 b
2 9 50
1 46 u
1 64 f
1 62 l
2 14 31
2 17 64
1 68 w
2 32 33
1 39 j
2 48 62
1 10 y
1 47 t
1 47 j
1 62 a
1 53 p
1 24 r
2 8 21
2 15 40
1 5 p
2 6 51
1 28 t
2 7 30
1 68 i
1 46 l
2 16 19
2 16 60
1 54 a
1 31 p
2 37 66
2 15 33
2 13 22
1 39 h
1 27 n
1 27 t
2 17 34
2 6 18
1 29 u
1 27 c
1 51 f
2 25 68
2 12 35
1 51 m
1 36 y
1 54 u
2 4 45
2 5 50
1 31 g
1 8 u
1 12 y
1 10 h
2 24 47
1 63 z
2 21 49
2 28 52
1 63 t
2 60 69
2 32 41
2 41 51
1 52 p
1 50 d
2 35 45
1 11 s
2 6 40
2 24 35
1 44 d
2 18 54
1 26 i
1 9 g
1 13 b
1 67 y
1 17 r
1 29 d
2 39 51
1 6 l
1 25 q
2 18 38
2 5 38
1 35 w
2 1 58
1 19 s
1 60 j
1 4 i
2 19 58
2 8 30
2 42 46
1 55 e
1 40 p
2 65 67
2 33 43
1 57 r
2 28 45
1 43 z
2 8 27
1 38 l
1 46 b
2 16 51
2 19 26
2 36 60
2 15 30
1 10 j
1 22 i
2 5 67
1 18 d
2 18 46
1 66 l
1 45 d
1 34 i
2 8 52
2 1 56
2 20 22
2 19 49
2 14 58
2 44 45
2 54 63
1 1 c
1 69 s
2 38 43
1 12 q
1 6 d
1 36 d
1 57 d
1 4 c
2 2 9
2 26 57
2 10 64
2 27 65
1 15 i
2 33 41
1 15 m
2 25 33
1 69 g
2 28 42
2 7 45
1 41 c
1 32 m
2 25 31
2 14 58
2 20 52
1 59 i
2 24 58
1 15 k
2 42 45
2 30 61
2 41 46
2 36 40
2 60 63
2 25 46
1 60 d
2 53 64
2 4 66
1 31 d
2 39 66
1 58 q
2 49 65
1 11 f
2 1 36
2 8 62
1 31 l
2 2 63
1 22 k
1 12 g
1 13 f
1 17 f
1 43 e
1 21 r
1 59 a
2 29 44
1 59 h
1 63 i
2 11 24
2 22 39
1 42 h
1 29 i
1 56 h
1 16 p
2 16 38
1 42 y
1 38 n
2 47 48
2 1 60
2 27 31
1 54 w
1 51 n
1 59 i
2 6 32
1 60 h
2 45 65
1 69 p
2 22 24
1 12 a
1 47 r
1 13 i
2 51 56
1 51 y
1 62 b
1 20 n
2 10 70
2 8 30
1 17 m
2 11 19
2 13 18
2 56 70
2 9 62
1 56 x
2 15 52
2 28 67
1 42 m
1 22 q
2 19 35
2 32 43
1 51 r
2 19 59
2 25 45
1 8 i
2 51 55
2 33 45
2 24 43
1 67 w
2 32 55
2 11 68
1 4 h
2 26 69
2 24 50
2 31 43
2 42 45
2 16 27
2 46 68
2 12 41
1 62 j
1 28 y
2 12 41
1 29 p
2 11 50
2 27 33
2 2 4
2 52 69
1 15 y
2 46 60
2 15 18
1 30 k
2 65 69
2 30 64
1 36 p
2 18 60
2 32 46
2 32 70
2 29 50
1 42 s
2 23 47
2 28 58
1 69 g
2 20 22
1 21 l
2 16 51
1 62 e
1 42 u
2 37 53
1 60 p
2 33 49
2 31 58
1 17 y
2 31 50
1 9 j
2 7 68
2 41 50
2 16 42
1 50 y
1 52 v
1 17 i
1 26 f
1 36 s
2 46 47
1 8 o
1 9 e
1 28 q
1 37 u
2 40 53
2 3 30
2 9 15
2 13 65
1 53 c
1 31 w
1 66 t
1 1 i
2 20 32
2 34 47
2 32 70
1 22 r
1 23 i
1 67 c
1 10 z
2 33 48
2 29 50
1 24 h
2 1 31
1 34 j
1 34 r
1 16 y
1 58 x
2 31 51
2 14 70
1 66 k
1 60 j
2 24 64
2 21 25
2 24 34
2 13 67
1 17 h
1 11 f
2 54 60
2 15 38
1 60 v
2 1 30
1 58 b
1 55 e
2 7 59
1 62 d
1 43 a
1 66 k
2 22 41
1 66 g
2 12 54
1 21 v
2 30 40
1 6 c
2 3 64
1 47 u
2 25 30
1 21 w
2 16 60
2 49 65
2 15 46
2 18 42
2 40 64
2 9 57
2 24 68
2 43 65
1 5 b
2 45 67
2 20 40
1 40 m
1 41 z
2 9 20
1 68 k
1 17 n
2 32 53
2 15 66
2 51 70
1 3 l
1 29 y
2 4 53
2 12 25
2 9 35
2 51 70
1 16 h
2 23 33
1 31 s
1 66 k
2 47 49
1 4 p
2 22 57
1 50 r
2 20 69
2 26 41
2 25 47
1 17 h
1 64 r
1 20 u
1 48 c
2 34 70
1 13 x
1 56 z
2 2 42
1 46 k
2 27 58
2 1 37
2 62 66
2 16 33
2 22 29
1 20 q
2 7 25
1 57 k
2 47 58
2 53 66
1 34 j
2 39 52
2 1 32
2 7 21
2 15 54
2 8 18
1 15 x
1 31 f
2 13 40
2 12 37
2 37 67
2 41 59
1 34 r
1 46 y
2 45 70
1 2 q
1 63 i
2 30 31
2 32 44
1 24 l
1 57 q
2 30 70
2 28 64
1 53 a
2 23 49
2 40 40
1 24 c
1 35 i
1 38 n
1 25 u
1 12 f
1 8 p
1 43 x
2 23 33
2 6 62
2 10 49
2 24 28
2 22 24
1 7 b
2 29 32
2 26 50
2 68 69
1 54 e
2 45 46
1 24 z
1 53 m
1 1 o
1 48 o
2 1 23
2 17 65
1 50 z
2 16 48
1 33 l
1 46 z
2 18 29
1 45 l
1 47 z
2 20 53
2 46 53
2 8 20
1 49 g
1 3 j
2 10 65
1 20 g
2 18 65
1 34 u
2 23 69
2 19 28
1 21 u
1 25 m
1 40 p
2 14 46
1 34 a
2 6 62
1 28 y
2 30 54
2 29 30
1 40 j
1 35 v
2 45 52
1 35 h
1 26 s
1 19 v
2 13 47
2 51 64
1 32 j
1 58 a
2 3 66
2 54 66
2 31 56
2 20 59
1 65 w
2 17 26
2 9 28
2 34 45
2 30 44
2 2 29
2 29 57
2 3 57
1 34 e
2 1 70
2 55 58
1 62 p
2 21 47
1 52 h
2 53 63
1 49 v
2 1 49
1 12 l
1 16 k
1 27 w
2 12 28
1 44 c
2 60 62
1 30 l
2 22 64
2 32 61
2 8 67
1 29 g
2 8 62
2 45 49
2 9 67
1 18 x
1 63 b
2 40 42
1 13 i
1 48 q
1 67 i
2 30 46
2 1 50
2 46 51
1 45 x
2 6 21
1 47 o
1 41 b
1 21 m
2 33 49
2 26 35
2 1 6
2 5 29
1 16 a
2 17 31
2 19 39
1 13 v
2 4 13
2 3 8
2 32 49
1 2 u
2 26 70
2 60 69
2 43 67
2 4 43
1 68 d
2 12 32
1 39 w
2 43 49
1 24 j
1 18 n
1 54 n
1 17 a
1 22 c
2 1 7
1 13 z
1 41 j
1 53 k
2 40 66
2 56 62
1 2 p
1 68 k
1 66 o
2 2 28
2 6 31
2 12 49
2 23 66
1 31 d
1 11 f
1 26 q
2 31 37
1 61 d
1 10 z
1 47 t
2 33 50
1 40 d
1 9 m
1 41 e
2 33 39
1 34 h
1 41 k
2 22 68
1 64 b
1 8 i
2 23 65
1 34 x
1 15 e
2 14 31
2 2 58
2 5 43
2 34 69
1 40 r
2 53 66
1 27 v
2 10 36
1 51 u
1 40 f
2 45 55
2 40 51
1 65 d
1 20 t
1 56 i
2 28 49
1 20 r
1 33 r
1 62 g
1 65 n
1 11 z
1 61 l
1 4 d
1 65 d
2 3 38
2 7 43
2 19 38
2 1 43
1 58 e
2 14 53
2 22 66
2 3 23
2 47 62
2 13 30
2 19 20
2 26 55
2 46 59
1 2 q
2 21 52
1 62 p
2 41 55
2 51 68
2 22 37
1 15 u
1 3 x
2 18 22
2 27 37
1 57 k
1 9 e
1 10 r
2 15 62
1 46 l
2 31 53
2 7 64
2 6 59
1 21 a
2 22 53
1 60 z
1 63 w
1 52 w
2 29 68
2 7 40
1 14 w
1 56 v
1 50 h
1 7 n
1 25 k
1 37 e
1 70 w
1 1 x
1 35 m
2 24 59
1 19 g
1 60 e
2 21 26
1 27 l
1 69 p
2 28 42
2 1 10
1 44 h
1 20 w
1 61 r
1 65 r
2 22 64
1 32 n
1 62 a
2 8 68
1 27 e
1 49 d
2 66 69
2 5 53
2 27 66
1 52 t
1 33 n
1 3 g
2 23 47
1 56 h
2 8 42
1 31 x
1 53 g
1 67 a
2 26 45
2 54 64
2 37 58
2 17 44
2 6 44
1 10 m
2 55 66
2 52 64
2 30 69
1 19 q
2 5 60
1 40 b
2 38 54
1 13 e
1 60 v
1 60 j
2 6 54
1 40 h
1 31 d
2 14 21
1 40 k
1 33 c
2 37 50
1 55 f
1 51 u
2 8 42
2 2 14
2 21 62
1 23 t
1 56 c
2 26 56
1 38 x
1 2 p
1 65 p
2 23 62
1 34 r
2 17 31
2 44 47
1 69 l
2 34 48
1 7 y
2 26 52
1 41 w
2 23 54
1 52 g
2 27 47
2 4 18
2 20 29
1 5 r
2 47 48
1 34 s
2 43 56
2 17 59
2 49 66
1 62 r
1 26 a
2 39 46
2 5 49
1 41 k
1 26 u
2 6 18
1 66 n
2 32 64
1 53 e
2 33 69
2 25 70
2 63 65
2 29 54
2 6 20
1 66 z
2 56 57
1 66 t
1 16 q
2 1 38
1 7 u
1 46 o
2 35 50
1 44 k
2 2 41
2 41 53
2 63 65
1 10 r
1 50 v
1 37 e
2 1 45
1 38 z
1 59 o
2 7 32
1 40 u
2 44 59
2 23 35
1 46 u
1 35 y
2 27 29
2 30 40
1 30 c
1 24 o
1 34 x
2 31 38
1 50 a
2 9 66
2 26 68
1 27 a
2 26 66
2 35 69
2 8 50
2 1 55
2 24 56
1 70 y
2 12 47
2 3 17
1 5 m
1 41 z
2 2 64
1 30 w
2 8 56
1 47 x
2 9 57
1 58 d
1 36 a
1 12 y
1 48 t
2 55 58
2 14 59
2 5 39
1 14 l
1 65 o
2 49 58
2 15 39
2 38 60
1 42 q
1 16 z
2 14 47
2 1 29
2 17 22
2 11 24
2 41 55
2 49 57
1 14 y
1 54 z
1 22 b
1 35 u
2 21 58
2 30 50
2 25 30
1 59 j
1 25 r
1 39 u
1 15 v
1 19 d
2 40 48
2 20 53
2 26 59
1 19 c
1 15 q
1 50 u
1 31 k
1 50 e
1 21 m
1 67 k
1 44 q
2 46 64
2 18 51
2 49 54
1 29 s
2 23 65
1 9 f
1 46 m
2 2 29
2 23 65
2 7 68
1 48 t
1 33 v
1 14 j
2 33 60
2 37 42
2 23 66
2 21 45
2 11 65
2 34 50
1 33 x
1 42 j
2 20 29
1 62 c
2 3 33
2 29 48
1 35 i
2 7 67
1 65 q
1 57 t
1 42 e
2 8 49
2 15 39
1 9 z
1 22 d
1 53 u
1 44 a
1 6 q
2 38 46
2 43 64
1 2 n
1 54 a
1 26 w
2 12 51
1 47 d
1 66 z
1 14 f
1 26 m
1 50 z
1 47 c
2 4 52
2 5 11
2 30 56
2 40 45
1 39 k
1 17 n
2 23 67
1 44 b
1 54 d
1 37 w
2 41 43
2 16 21
2 10 68
1 52 x
2 32 52
1 9 t
2 14 61
1 17 q
1 5 s
2 47 57
2 45 61
1 26 f
1 36 c
1 20 y
2 4 17
1 35 o
1 49 t
1 5 b
2 8 45
2 12 54
2 9 56
1 53 l
2 40 58
2 10 33
2 51 64
2 49 65
2 35 41
2 22 23
1 12 h
1 5 r
2 16 58
2 29 45
1 19 s
2 58 59
2 5 58
1 70 b
1 2 y
1 68 o
2 25 38
2 28 43
2 9 65
2 1 51
1 38 s
2 43 48
1 51 w
1 22 k
1 6 r
1 37 y
2 20 65
1 63 j
1 16 n
2 42 68
2 1 1
1 29 g
1 44 g
2 24 39
2 9 16
2 49 66
2 32 64
1 21 b
1 50 c
2 15 41
2 12 24
1 2 l
1 33 u
2 47 67
1 49 y
1 37 k
1 4 j
2 7 43
2 36 69
2 12 16
2 14 33
2 5 31
2 31 55
2 25 47
2 26 43
1 27 d
2 22 52
2 30 59
1 1 e
2 60 67
2 10 52
1 67 i
1 62 u
1 55 g
1 37 v
2 15 50
2 31 64
1 16 m
1 24 r
1 12 k
2 6 8
2 1 28
1 59 x
2 16 64
2 13 39
1 65 s
1 15 w
1 33 j
1 48 k
2 17 59
1 33 k
1 5 b
1 47 f
2 19 67
2 7 30
2 8 43
2 50 54
1 63 a
2 7 8
2 17 61
1 49 x
1 44 j
1 64 c
1 24 u
1 70 a
1 41 p
2 13 26
1 18 r
2 16 43
1 9 z
2 28 44
2 17 28
1 49 c
2 36 64
2 1 24
2 16 59
2 36 50
1 14 n
1 7 q
1 23 j
2 2 32
2 2 8
2 23 62
2 17 64
2 24 43
2 41 63
1 14 l
2 14 55
1 19 e
1 47 z
1 26 r
2 33 41
1 39 p
1 64 t
2 47 59
2 7 50
1 65 j
2 4 9
2 21 62
2 17 17
2 39 45
1 23 q
1 21 b
2 36 65
1 68 i
1 42 u
2 12 16
1 68 u
1 12 z
2 8 35
2 14 52
2 17 51
2 29 65
2 60 66
2 53 57
2 30 42
2 12 64
1 2 r
1 25 g
2 16 46
1 65 t
1 35 s
1 69 n
1 12 w
2 15 32
1 25 f
1 22 o
1 12 l
2 16 50
2 22 70
2 36 67
1 24 b
2 45 61
2 27 49
2 8 55
2 2 7
2 12 25
1 5 r
1 25 f
1 43 u
2 36 39
1 63 m
2 18 32
1 23 l
1 43 p
2 18 21
2 33 54
1 53 d
1 70 u
2 12 66
1 41 l
2 39 69
1 38 r
1 21 q
1 33 a
1 24 o
1 18 y
2 10 13
2 24 41
1 8 z
2 55 60
2 40 47
1 58 d
2 29 43
2 32 43
2 39 42
2 45 50
2 4 12
2 53 56
2 22 24
1 39 t
1 25 x
2 24 31
2 46 54
2 27 60
2 11 28
2 4 15
1 53 d
2 44 45
2 49 69
1 49 i
1 34 q
1 34 u
2 13 42
2 2 53
2 13 39
2 36 56
2 30 70
2 44 58
1 32 c
2 42 48
2 38 51
1 31 c
1 18 g
1 37 k
2 8 44
1 50 y
1 62 p
2 7 34
2 8 37
2 3 28
1 16 k
2 34 59
2 37 63
1 36 g
1 35 b
2 23 32
1 51 n
2 59 70
2 37 42
2 20 66
2 11 35
1 22 x
2 45 60
1 70 z
2 13 19
2 12 50
2 33 69
2 25 59
1 63 f
2 6 47
2 29 65
2 6 17
1 55 r
2 46 51
1 43 g
1 60 k
2 8 12
1 57 s
1 60 y
2 17 21
2 28 55
1 23 x
1 5 a
1 54 f
2 41 42
2 12 35
2 53 63
2 14 25
1 25 g
1 52 a
2 21 58
1 60 j
1 58 s
2 1 16
2 19 40
1 30 s
1 32 m
2 29 38
2 29 31
2 36 63
1 19 o
1 41 l
2 15 70
2 40 42
1 3 q
1 7 p
2 41 59
2 16 40
2 64 65
2 2 54
1 44 x
2 50 66
2 11 28
1 34 h
2 5 64
1 56 m
2 16 19
2 10 17
1 18 s
2 48 67
1 34 b
2 51 69
2 17 43
2 21 64
1 36 f
2 7 25
2 21 50
1 27 h
1 54 r
1 59 a
2 16 24
2 30 50
2 16 37
1 63 f
1 21 b
2 6 14
2 47 47
2 56 61
1 16 e
2 33 49
2 24 37
1 9 z
2 2 39
2 3 46
2 28 52
2 49 58
2 43 45
1 29 b
2 9 64
1 3 d
2 18 33
2 28 64
1 2 c
1 38 r
1 25 n
1 62 s
1 39 z
1 46 v
2 7 50
1 25 s
2 41 64
1 61 q
2 16 35
2 41 50
2 42 45
1 28 r
1 28 c
1 8 s
2 17 22
1 46 l
1 66 l
1 51 b
2 9 24
1 45 h
2 13 57
2 4 12
1 43 t
1 4 g
2 25 27
1 53 r
2 9 32
1 4 w
2 25 56
2 32 32
1 63 u
2 10 66
2 22 31
1 64 j
1 10 c
2 38 40
2 39 59
2 25 48
1 49 i
2 2 13
2 18 41
2 13 24
2 7 21
2 38 45
1 66 g
2 37 41
1 14 z
2 9 52
2 7 22
1 52 g
2 43 56
2 23 41
2 11 64
2 46 47
1 66 y
1 59 o
1 20 j
1 64 m
2 34 35
1 2 m
1 44 h
1 9 w
2 10 42
1 11 y
1 61 g
2 3 29
1 4 p
1 58 t
1 8 v
2 13 62
1 21 h
2 1 5
2 7 52
2 6 66
2 56 68
2 53 67
2 13 29
1 2 k
2 59 69
1 17 g
2 19 57
1 19 d
2 22 67
1 47 o
2 13 30
1 40 n
1 55 x
2 18 34
1 15 e
2 8 41
2 47 48
1 38 s
2 49 70
1 59 w
1 50 v
2 1 38
1 56 w
2 65 68
1 41 n
1 67 f
1 46 c
2 44 45
2 2 6
2 37 66
2 13 14
2 30 38
2 49 65
1 28 a
2 2 30
2 37 63
2 10 23
1 53 j
1 20 s
2 47 49
2 20 32
1 23 e
2 23 35
1 13 x
2 38 69
2 21 63
2 10 48
1 5 t
2 18 26
1 24 x
2 31 36
1 52 f
2 20 57
1 59 r
2 33 53
2 17 48
1 5 u
1 62 n
1 21 l
1 15 w
2 49 70
1 27 j
1 59 o
1 69 r
2 20 24
2 26 26
1 30 d
2 14 45
1 52 i
2 17 24
2 9 70
2 24 35
1 67 o
2 4 69
2 54 59
2 42 60
2 12 55
2 23 45
1 65 q
2 26 39
1 64 r
1 6 t
1 64 f
1 64 e
1 24 i
1 68 u
2 19 57
1 38 h
1 31 y
2 42 53
2 36 63
1 4 t
2 4 60
1 60 e
1 64 q
1 66 r
2 1 50
2 9 23
2 19 34
2 19 52
2 17 55
1 66 e
2 7 46
2 6 35
2 21 39
2 23 53
2 36 58
1 10 t
1 42 a
1 60 x
1 54 v
1 46 w
1 44 l
1 7 u
1 14 s
1 52 c
1 57 c
2 4 62
2 38 59
1 28 j
2 7 49
1 1 h
2 18 19
2 5 26
1 63 v
1 5 h
1 45 c
2 28 35
2 14 29
1 52 c
2 49 59
2 3 62
1 3 g
1 32 r
2 6 60
1 51 q
1 43 l
1 4 w
2 5 46
1 37 a
2 51 64
1 49 j
2 1 3
1 26 i
2 61 69
1 18 i
1 21 u
1 35 l
1 12 u
2 31 47
1 27 v
2 10 65
2 14 34
1 64 r
1 70 h
1 52 w
1 62 n
2 45 45
1 32 n
1 23 s
1 7 s
1 12 j
1 43 c
2 28 31
2 5 70
2 22 51
2 12 41
1 32 d
1 54 w
2 5 11
1 65 k
2 17 67
1 9 j
2 52 61
1 26 v
2 13 25
1 53 j
2 29 48
1 27 i
1 22 q
1 56 h
2 48 54
1 33 h
1 26 s
2 10 45
1 57 c
2 2 52
2 2 44
1 49 f
2 46 67
1 9 k
1 52 l
2 22 46
1 14 f
1 22 n
1 4 p
1 39 e
2 17 54
2 28 63
2 53 58
2 63 64
2 11 35
1 6 c
2 12 53
1 55 n
1 14 y
2 41 58
1 19 k
1 70 m
2 18 56
1 60 f
1 3 v
1 62 j
1 23 r
1 12 k
1 64 n
2 12 17
1 54 l
2 56 70
1 56 z
1 24 d
1 13 m
1 48 d
2 27 59
1 47 j
2 24 48
1 58 a
2 7 57
2 8 66
2 19 32
1 11 u
1 24 d
2 10 23
1 15 b
2 12 26
2 5 26
1 44 x
1 42 q
1 31 k
1 66 y
2 24 56
2 1 43
1 69 h
2 5 14
2 23 59
1 31 r
1 53 c
2 13 59
1 7 l
1 31 w
1 27 g
2 28 54
1 24 s
1 37 f
1 9 e
1 56 a
2 18 19
2 31 62
2 3 4
1 32 t
1 19 e
1 55 v
1 56 m
2 49 54
2 55 56
2 28 33
1 52 o
1 24 e
2 8 37
2 30 35
1 25 z
2 49 61
1 16 b
1 22 t
1 31 a
2 44 70
1 61 a
2 33 48
1 12 l
2 36 68
2 6 24
2 12 14
1 39 s
1 24 r
2 3 61
1 58 h
1 29 e
2 53 54
2 27 62
2 19 31
2 3 70
2 11 25
1 25 u
1 67 f
1 45 t
1 17 f
1 33 m
1 7 m
1 47 k
1 2 l
1 47 h
2 10 67
1 41 k
2 14 45
2 49 51
1 21 i
1 56 x
1 43 w
2 35 52
1 42 v
1 23 w
2 35 60
2 3 27
1 61 p
1 41 o
2 6 51
1 70 i
2 35 45
2 29 54
1 32 y
1 15 w
2 34 37
2 46 52
2 16 29
2 53 61
2 10 32
2 2 54
2 6 17
1 32 p
2 42 68
2 6 65
2 14 60
1 26 y
2 21 46
1 39 t
2 32 46
1 6 x
2 37 59
2 52 63
2 16 44
1 50 j
1 27 q
1 8 b
1 32 x
2 16 69
2 5 38
2 2 55
2 23 25
2 56 65
2 40 70
2 26 31
1 9 t
2 40 51
2 33 51
2 49 51
1 53 s
1 34 u
1 65 h
2 12 23
1 42 y
2 18 50
2 38 42
1 53 p
1 24 x
1 30 l
1 70 z
1 56 u
1 8 y
2 47 50
2 52 58
2 11 31
2 3 58
1 60 d
2 15 56
1 57 o
1 46 x
1 69 o
1 60 z
2 44 67
1 39 g
1 40 t
2 11 45
2 8 37
1 29 q
2 34 36
1 32 s
2 20 59
2 48 67
2 17 25
2 25 47
1 37 v
2 10 30
1 28 u
2 37 52
1 63 n
1 61 y
1 40 s
1 58 n
2 7 58
1 61 l
1 64 g
2 6 23
2 6 34
1 22 c
2 52 59
1 21 p
2 64 64
2 40 64
1 25 t
1 49 p
1 5 s
2 28 33
2 27 47
1 22 n
2 61 64
2 50 69
1 35 e
2 8 52
1 37 b
2 3 7
1 40 j
1 66 m
2 24 40
2 1 3
1 50 x
1 67 f
2 4 37
2 42 45
1 19 b
2 50 66
1 6 y
2 7 34
2 23 26
1 58 h
1 68 u
2 29 31
1 25 v
2 41 50
2 47 57
1 64 s
1 29 v
2 38 65
2 55 58
2 3 20
1 18 s
1 11 i
2 17 38
2 38 55
1 36 e
1 49 l
2 14 43
1 56 h
2 49 58
2 34 47
2 17 67
1 13 j
2 44 60
1 51 s
2 5 14
1 14 r
2 39 70
1 61 s
2 11 17
1 52 e
2 47 47
2 27 35
1 51 j
2 33 66
1 52 n
1 69 c
1 69 n
1 42 l
2 25 67
1 23 w
2 9 17
1 3 f
2 59 65
2 8 8
2 64 65
1 48 c
1 18 r
2 6 56
1 24 r
1 52 x
1 49 z
1 17 f
1 3 l
2 33 39
2 35 56
2 28 60
1 67 t
2 5 48
2 36 70
1 29 a
1 9 b
2 18 24
1 48 b
1 53 f
2 38 56
1 53 z
2 8 39
2 36 68
2 5 38
2 3 7
2 19 24
1 36 s
1 67 z
1 8 y
2 7 26
2 19 39
2 3 12
1 47 o
2 5 49
2 9 25
2 55 56
1 22 x
2 41 52
2 24 62
1 58 s
1 66 n
2 16 25
2 37 47
2 56 63
1 57 e
2 11 39
2 36 45
1 42 g
1 8 w
1 42 x
2 22 63
1 28 j
1 67 l
2 17 44
1 33 g
2 45 59
2 2 46
1 60 t
2 29 52
1 9 f
1 1 u
1 18 m
2 9 65
2 25 36
1 5 o
2 20 35
2 12 65
1 36 m
2 20 47
2 33 41
2 2 27
1 4 l
2 5 64
1 62 d
2 17 18
2 47 50
1 4 j
1 61 x
2 23 27
1 67 p
2 12 33
1 49 k
2 13 68
2 34 59
2 16 18
2 20 20
2 3 12
1 34 n
2 46 54
1 1 a
2 30 56
1 26 s
1 65 w
1 33 p
1 27 l
1 35 z
2 15 19
1 13 m
2 28 35
2 9 34
2 38 53
1 45 h
1 21 z
1 44 g
1 69 d
1 39 g
1 60 s
1 64 o
1 13 n
1 38 d
2 39 67
1 35 w
1 45 h
2 11 27
1 41 d
1 68 d
1 23 f
1 35 o
2 11 14
2 34 54
1 66 h
1 28 w
2 41 51
2 36 43
2 4 33
1 42 a
1 53 l
1 57 m
2 40 43
2 12 27
2 63 68
1 1 z
1 53 p
2 44 51
2 2 13
1 6 j
2 14 52
2 11 13
1 12 u
2 27 30
2 18 23
2 4 26
1 39 j
1 8 p
2 8 20
2 2 13
2 9 60
2 46 55
1 42 l
1 20 o
1 57 x
1 15 g
1 1 n
2 61 61
1 39 l
2 49 62
1 10 d
2 51 69
1 22 x
1 63 c
2 44 68
2 61 66
1 41 q
1 15 e
2 39 44
1 50 g
2 15 24
1 38 g
1 55 q
1 51 h
1 34 t
1 14 q
1 8 o
1 22 x
1 33 v
2 2 59
2 26 59
2 45 70
2 56 59
1 63 b
2 11 30
2 4 49
1 8 t
2 5 20
2 36 68
1 31 t
1 26 a
1 55 w
1 47 b
2 28 36
1 20 a
2 40 40
2 30 67
1 18 h
2 46 55
2 17 51
2 3 57
2 2 62
1 64 u
1 54 g
1 48 p
1 23 e
1 41 d
2 48 68
1 68 k
2 9 15
2 4 53
1 48 l
2 34 54
2 25 65
1 68 q
2 57 65
1 26 l
1 30 w
1 3 w
2 11 60
1 39 w
2 16 63
2 15 69
2 18 69
1 61 a
1 7 m
1 23 i
2 14 42
2 21 69
1 2 x
2 32 64
2 10 14
1 46 d
1 5 j
1 54 n
1 40 b
2 7 9
2 1 39
1 33 f
1 15 b
1 26 s
1 47 i
1 66 b
2 49 56
2 32 62
2 10 33
1 45 a
2 6 42
2 18 49
1 47 q
2 55 65
2 20 57
1 41 r
1 51 c
1 52 g
1 3 b
2 13 57
2 25 50
1 52 k
1 54 b
1 47 j
1 4 c
2 52 55
2 34 49
1 44 n
2 59 60
1 34 e
2 6 20
1 38 t
2 53 56
1 48 g
2 25 66
1 37 a
2 30 46
1 42 w
1 49 a
2 30 50
2 35 41
2 5 5
1 63 d
1 48 q
2 16 58
2 4 36
2 38 49
2 18 61
1 57 j
1 61 v
1 60 b
1 49 x
2 12 60
1 38 l
1 64 u
2 20 32
1 57 a
1 69 c
1 23 k
1 10 t
1 30 a
2 23 25
1 57 j
1 51 c
2 33 46
1 9 s
1 37 l
2 15 39
1 29 k
2 10 62
1 14 n
1 18 r
2 3 27
1 57 h
2 21 26
2 41 50
2 43 66
1 50 u
2 11 13
2 50 66
2 54 66
2 7 62
1 10 e
2 5 41
1 41 j
1 9 v
1 68 u
2 13 56
1 66 e
2 16 69
1 62 v
2 45 56
1 1 e
2 8 67
2 15 43
2 39 44
1 41 y
1 39 k
1 6 f
2 3 10
2 37 65
2 33 47
1 31 i
1 66 v
2 22 42
1 40 u
2 20 24
1 27 e
2 21 33
2 16 55
2 39 46
2 26 54
1 15 k
2 39 51
2 2 10
1 12 p
2 26 27
2 7 23
2 32 56
1 42 h
1 67 d
1 64 f
2 20 60
2 19 32
2 54 61
1 28 o
1 65 m
2 13 34
1 32 r
2 13 16
2 34 35
1 57 y
2 22 38
2 47 48
1 55 f
1 35 g
1 44 w
2 2 41
1 17 p
2 15 34
1 27 t
2 1 66
2 26 51
1 15 z
2 39 56
2 14 49
1 55 u
1 44 q
1 54 h
2 47 69
2 15 60
1 70 m
1 34 b
1 34 u
1 51 j
1 57 z
1 32 y
1 20 q
1 20 l
1 51 s
1 24 x
2 57 70
2 22 61
2 10 21
1 50 t
1 52 r
1 38 u
2 27 54
1 64 k
1 33 t
1 39 l
2 31 57
1 57 r
1 21 s
2 1 58
1 65 f
1 29 y
1 54 e
1 51 m
2 70 70
2 17 40
2 26 31
2 11 30
2 18 58
1 61 s
2 53 63
1 45 n
2 10 43
2 25 30
1 50 z
2 37 44
2 5 16
1 9 e
1 40 b
2 20 29
2 36 37
2 24 46
1 64 t
2 10 24
2 23 43
2 8 37
1 11 q
1 8 v
1 50 f
2 6 57
2 16 50
1 56 o
2 14 62
2 39 44
1 35 w
1 56 z
1 3 m
2 10 53
2 34 56
1 17 r
1 26 f
2 10 18
2 35 38
2 19 44
2 13 47
1 61 l
2 15 70
1 41 o
2 39 44
1 56 h
2 3 21
1 48 f
1 23 e
2 3 39
2 42 55
1 2 e
1 50 f
1 9 f
2 19 55
1 46 x
2 51 65
1 68 j
1 15 s
1 58 t
1 19 a
1 45 t
2 5 40
1 9 n
1 57 t
2 30 48
2 37 40
1 61 n
1 60 h
1 65 b
2 30 48
2 3 6
1 21 x
1 56 x
1 59 x
1 25 v
1 54 v
2 18 34
2 19 37
1 43 b
1 13 o
1 53 k
1 69 h
2 4 35
2 26 52
1 2 f
2 24 30
1 19 z
1 42 y
1 12 n
2 21 30
2 7 51
1 33 v
2 23 35
1 9 x
1 18 z
2 62 68
1 49 n
2 18 22
2 12 56
2 6 42
2 11 39
1 34 n
2 2 56
1 42 b
1 56 z
2 33 38
2 5 25
2 2 5
1 3 g
1 68 d
1 16 k
1 34 k
1 64 h
1 45 v
1 45 j
2 21 41
2 35 65
2 56 68
1 42 w
2 2 19
2 7 56
2 14 67
1 56 m
2 29 30
2 2 7
2 16 32
2 23 64
2 63 67
2 47 49
2 4 4
2 63 65
2 30 47
1 36 j
1 30 g
1 23 j
1 34 d
2 18 37
1 9 v
2 6 48
2 18 60
2 8 67
2 2 49
2 48 64
2 53 54
1 49 c
2 2 21
1 58 z
1 2 z
1 16 c
2 45 65
1 68 h
1 63 t
2 22 70
2 38 65
1 9 h
1 15 z
1 6 j
2 49 58
1 36 q
1 69 t
2 18 67
2 15 44
2 7 43
2 8 15
1 46 m
2 27 37
1 16 u
2 40 62
2 1 30
1 5 l
2 2 57
1 26 s
1 28 w
2 37 43
2 28 46
2 5 35
1 19 g
2 52 64
1 70 j
1 50 n
2 25 68
2 16 64
1 25 w
2 2 9
2 8 37
1 43 c
2 53 68
2 58 64
2 49 58
2 27 52
2 21 67
2 56 64
2 23 41
1 19 p
1 22 b
1 12 n
2 52 60
1 8 y
1 11 u
2 50 63
1 8 n
2 32 40
2 17 62
1 16 l
1 47 a
2 32 50
1 55 u
2 55 64
2 24 68
2 6 56
1 48 q
1 39 c
1 62 o
2 10 38
2 55 56
1 53 h
1 64 z
1 8 o
1 8 m
1 21 n
2 28 33
1 1 t
1 28 z
2 36 53
2 8 29
1 5 t
1 25 k
1 37 l
1 63 k
1 67 k
1 29 m
1 69 h
1 19 y
1 3 x
1 17 y
2 14 24
1 61 y
1 54 z
1 2 g
2 21 64
1 7 q
1 23 m
1 35 a
1 7 i
2 35 70
2 19 41
2 48 62
1 6 r
1 48 c
2 8 9
2 2 70
1 11 r
1 3 c
2 27 67
1 34 u
2 19 62
1 18 j
1 42 h
1 24 m
1 9 k
1 53 j
2 55 62
1 65 q
2 2 64
1 20 p
1 59 y
2 25 29
1 70 i
1 28 s
2 9 28
1 11 e
2 25 37
1 24 d
1 44 t
2 57 58
1 47 m
1 54 k
2 32 48
2 7 30
2 19 51
2 8 9
2 14 37
1 10 f
1 63 l
1 41 f
2 9 52
1 38 e
2 24 48
1 60 a
1 62 g
2 5 36
1 54 s
2 1 56
2 2 38
2 29 38
2 51 68
2 1 10
2 38 65
2 33 50
1 69 b
1 21 w
1 41 j
2 58 67
1 21 v
1 19 k
2 25 41
1 17 r
1 10 q
2 18 70
1 15 l
1 47 j
2 22 28
1 23 q
2 20 28
1 20 j
1 27 u
2 10 22
2 24 24
1 64 y
2 18 55
2 1 29
1 49 s
2 38 58
1 53 d
2 5 69
2 57 65
1 31 c
1 35 k
2 14 32
2 23 34
2 13 15
2 65 67
2 3 53
1 67 u
2 32 50
2 7 43
2 45 67
1 18 n
2 20 66
1 28 m
2 37 39
1 60 q
1 44 s
2 33 65
1 12 g
1 8 p
1 27 z
1 59 h
1 43 i
2 14 44
1 4 u
1 30 i
1 58 s
1 18 c
1 3 l
1 5 k
2 23 46
1 62 b
2 21 70
1 28 f
2 30 49
2 46 47
1 68 y
1 35 d
1 40 z
2 44 64
2 11 46
1 28 t
1 25 w
1 23 r
1 32 c
1 37 s
1 18 x
1 32 q
2 23 49
1 40 f
2 6 61
1 41 m
2 56 64
2 30 53
1 43 f
2 18 19
2 54 57
1 10 k
1 34 j
1 18 o
1 60 y
1 56 g
1 12 b
1 18 u
1 3 u
1 20 c
1 23 h
1 68 f
2 45 57
1 8 i
2 23 56
1 55 f
2 40 64
2 22 42
2 5 35
2 8 38
1 2 k
2 33 46
1 30 b
2 35 46
2 31 60
1 40 q
2 28 35
2 50 58
2 16 67
1 1 t
1 24 r
1 53 f
2 17 46
1 18 k
2 24 56
1 49 s
1 26 e
1 12 h
1 49 l
2 5 33
1 10 x
1 6 x
1 30 l
1 10 k
1 60 p
2 34 68
1 12 x
2 42 63
2 59 59
1 34 m
1 11 o
2 28 55
1 68 u
1 36 u
1 43 d
2 11 16
2 2 53
1 55 b
2 14 40
1 61 r
1 22 t
2 20 32
1 50 w
2 11 45
2 53 57
2 53 53
1 58 b
2 18 61
2 46 69
2 3 13
2 3 28
1 49 s
1 59 v
2 36 53
2 12 32
2 38 67
2 56 63
2 29 53
2 34 45
1 40 m
2 56 67
2 3 20
1 10 w
2 5 48
1 58 x
2 12 21
2 35 54
1 24 c
1 7 u
2 16 21
1 33 w
1 60 s
1 42 t
1 11 l
1 64 g
1 52 j
1 46 v
2 38 40
2 26 35
2 1 5
2 15 19
2 36 52
1 3 i
1 25 c
2 15 20
1 59 p
2 43 56
2 49 68
2 60 63
2 28 45
1 12 d
1 48 w
2 51 59
1 24 i
2 25 53
1 32 m
1 59 p
1 35 e
2 31 66
1 60 k
2 3 8
2 37 52
1 26 y
2 37 60
1 36 m
1 68 t
2 7 27
2 18 62
1 52 l
1 39 t
1 27 k
2 21 48
2 31 53
1 32 c
1 55 k
2 27 31
1 49 m
2 26 62
2 42 63
2 51 67
1 34 n
2 39 66
2 2 31
1 38 z
2 2 31
1 26 h
1 68 c
1 11 v
2 16 38
1 21 l
2 21 29
1 60 o
1 32 f
1 5 f
2 3 11
1 53 m
2 5 51
1 43 p
2 24 43
2 27 66
2 7 13
1 10 j
1 53 z
2 52 54
1 40 j
2 1 51
2 3 7
1 11 r
1 63 s
1 17 r
1 13 s
1 10 a
2 31 60
2 39 60
1 8 l
2 12 43
1 23 i
2 4 28
1 59 m
2 45 67
1 9 m
2 5 26
2 35 45
2 10 47
2 20 50
1 7 d
1 9 d
2 2 70
2 5 28
1 24 s
2 4 4
1 23 a
1 66 t
1 58 b
1 29 i
2 4 8
1 22 n
2 9 14
2 37 49
2 3 29
1 41 b
1 47 m
1 42 h
2 2 30
2 4 23
2 11 14
1 14 x
2 27 32
1 56 a
2 17 54
2 2 37
1 62 v
2 5 48
1 4 w
2 43 55
1 67 p
2 7 65
1 32 p
1 47 l
1 12 v
1 46 x
1 12 v
2 13 39
2 32 39
1 57 j
2 1 50
1 69 l
2 59 66
2 36 50
1 67 s
2 3 6
1 11 d
1 34 l
1 58 y
1 8 k
1 34 q
1 20 q
2 3 26
1 61 m
1 60 o
2 5 57
2 13 32
2 45 49
1 14 v
1 36 l
1 7 h
2 26 33
2 21 34
1 46 q
2 3 67
2 4 37
1 47 h
2 20 22
2 45 57
2 27 38
2 54 67
2 11 35
1 64 j
1 5 o
2 48 52
2 5 45
2 31 68
2 25 35
1 53 o
2 10 63
1 42 m
2 61 70
2 49 63
1 23 o
2 47 48
1 36 i
1 55 a
1 55 g
1 49 l
2 19 66
2 17 18
1 3 d
2 51 66
2 10 25
1 36 t
2 38 52
2 1 21
2 1 26
1 35 p
2 50 69
1 39 v
2 54 54
1 46 h
2 19 21
2 8 50
1 19 h
2 66 69
2 59 65
1 65 w
1 9 i
1 30 i
2 29 66
1 6 z
2 30 70
2 33 35
1 57 f
1 9 e
2 21 45
1 39 r
1 13 k
1 64 e
2 27 70
2 64 66
1 22 l
2 23 33
2 25 28
1 49 t
2 33 67
2 24 57
2 9 19
2 8 41
1 3 f
2 11 40
2 21 42
1 40 d
2 24 64
1 3 r
1 39 g
1 40 c
1 16 h
2 37 46
2 3 32
1 2 u
1 63 z
1 63 x
1 39 f
1 60 w
2 18 20
1 48 x
2 27 70
2 6 25
2 48 68
2 3 25
2 43 70
2 22 58
1 50 q
2 15 64
1 52 f
2 12 19
1 38 a
2 25 53
1 15 b
2 30 57
2 29 44
1 48 j
2 24 55
1 53 m
1 23 e
1 37 y
1 39 x
1 65 p
1 2 k
1 47 a
2 32 48
1 46 y
2 5 69
1 51 g
1 58 j
2 2 65
2 35 44
1 15 n
1 43 e
2 46 59
1 25 f
1 35 u
2 55 63
1 29 q
1 39 a
1 11 p
1 26 p
1 64 j
1 44 h
2 11 23
1 19 d
1 32 b
1 28 c
1 32 n
1 55 c
2 15 46
1 69 i
2 67 69
2 4 40
1 50 n
1 56 y
2 48 63
2 23 58
2 39 45
2 12 53
1 34 z
1 35 r
2 22 70
1 13 l
1 39 a
2 37 48
2 8 62
1 56 n
1 12 t
2 15 46
1 50 q
2 13 45
1 24 r
2 3 7
2 30 42
2 22 27
2 11 22
2 8 38
1 39 o
2 1 45
1 69 z
1 47 h
2 16 26
2 35 54
1 29 y
2 48 61
1 38 c
2 4 43
1 28 t
1 49 z
1 1 x
1 21 l
1 59 t
2 6 13
1 7 t
2 19 66
1 50 r
2 31 35
2 23 27
2 24 43
2 3 42
2 2 13
2 9 40
1 17 j
2 37 58
1 49 y
2 22 30
1 43 p
2 58 63
1 28 x
1 26 h
1 29 x
1 70 i
1 46 n
1 30 y
1 39 i
1 28 f
1 16 n
1 34 k
2 19 62
1 36 u
2 22 64
2 11 36
1 67 i
2 9 61
2 63 65
1 41 l
1 27 k
1 60 e
1 43 m
2 48 61
2 47 49
1 58 f
1 25 f
1 25 x
2 20 24
1 1 v
1 52 f
2 41 47
1 8 c
2 63 65
1 50 f
2 25 64
2 28 63
1 36 f
2 24 41
2 39 44
1 59 v
2 17 52
2 40 42
1 62 f
1 27 b
2 24 38
1 6 g
1 51 p
1 38 x
1 26 w
2 13 19
1 7 y
2 24 63
1 22 b
1 66 n
2 53 70
1 1 f
2 11 26
1 11 u
1 31 v
1 62 c
2 26 63
2 19 45
1 25 u
1 43 k
1 50 d
2 26 36
2 37 40
1 8 u
2 5 69
2 17 52
2 29 33
2 16 63
2 25 57
2 25 45
1 56 o
2 3 29
2 25 62
2 9 37
2 21 69
2 17 29
2 25 46
1 69 n
2 25 43
1 20 h
1 40 s
1 66 h
2 6 53
2 45 51
1 3 n
1 11 z
2 31 47
1 17 w
2 12 33
1 32 g
2 21 57
1 35 y
1 8 d
2 12 60
1 29 g
1 18 i
1 39 f
1 14 b
1 13 f
2 3 16
2 7 32
1 6 e
1 24 q
1 23 k
2 45 59
2 19 37
1 10 k
2 58 68
1 12 b
2 1 10
2 13 56
2 2 19
2 20 26
2 26 52
2 37 63
2 61 64
1 63 y
2 24 57
2 10 69
1 42 q
2 4 53
2 43 69
2 6 43
1 8 s
1 67 a
2 6 21
2 12 70
2 11 45
2 4 51
1 8 i
1 31 n
2 4 11
2 39 60
1 20 c
2 66 70
2 4 36
1 61 w
2 8 29
2 28 45
1 19 s
1 39 x
2 35 59
1 1 t
1 62 g
2 23 52
2 5 48
1 48 r
1 24 l
1 68 l
2 67 69
2 37 54
2 2 58
1 66 e
1 50 w
1 15 t
2 53 59
1 60 h
1 18 w
2 3 34
2 21 51
1 8 p
1 70 p
1 65 c
1 25 f
2 34 35
1 40 a
2 19 50
1 19 q
1 68 m
2 18 24
2 10 25
2 1 26
1 49 e
2 46 58
1 19 l
1 51 t
2 10 57
1 49 j
1 28 t
2 14 60
1 6 w
1 63 h
1 21 e
1 33 v
2 17 43
2 15 43
2 28 35
2 14 43
1 6 r
1 68 m
1 69 f
2 32 60
2 4 6
2 33 47
2 14 25
1 31 b
2 35 60
2 9 19
2 1 48
2 41 45
1 38 j
2 6 56
1 52 w
2 51 61
1 66 n
2 12 36
1 43 g
1 69 w
1 64 x
2 3 36
2 14 37
1 24 p
1 19 b
2 11 39
1 25 m
1 67 b
2 60 63
1 38 v
2 7 11
2 10 51
1 59 q
2 44 59
2 21 44
1 19 t
1 44 x
2 14 21
2 18 43
2 18 23
2 1 48
2 19 65
2 31 35
1 70 r
1 49 x
1 27 l
1 14 m
1 11 y
1 19 a
1 66 q
2 40 48
1 42 w
1 23 c
2 4 64
1 61 w
2 52 67
2 22 51
1 41 n
2 17 25
1 49 b
2 7 68
2 4 32
1 23 w
1 48 f
1 53 r
1 15 a
1 65 g
1 19 d
2 45 70
2 16 56
1 47 a
1 19 a
2 11 23
2 9 69
2 14 18
1 14 x
1 45 z
1 14 d
1 46 k
2 42 53
2 7 9
1 35 k
1 70 g
1 14 f
2 24 61
1 4 z
1 9 u
1 15 g
1 39 z
1 48 h
1 52 t
1 55 l
2 14 33
2 57 58
1 15 f
1 13 k
1 50 b
1 26 i
2 57 63
1 32 w
1 44 h
1 35 x
2 55 57
2 22 33
1 70 o
2 9 12
2 45 55
2 2 21
2 1 14
1 42 x
2 4 17
1 64 s
1 16 g
1 53 s
2 1 70
2 54 70
2 37 67
1 1 c
2 8 56
2 18 30
1 60 r
1 47 p
1 48 h
1 4 z
2 3 5
1 40 i
1 16 t
2 37 58
2 29 49
2 39 58
2 20 68
1 50 k
1 53 k
1 46 v
1 70 j
2 34 48
1 55 j
2 62 66
2 23 64
1 4 s
1 62 l
2 33 52
2 28 39
2 31 47
2 16 16
1 28 j
1 62 t
2 25 38
2 28 44
1 27 m
1 41 j
1 62 g
1 2 d
2 20 34
2 27 60
2 15 28
1 41 n
1 34 w
1 7 p
2 7 66
2 33 53
2 11 35
2 11 49
1 6 h
1 70 p
2 2 62
2 4 19
2 62 64
1 15 m
1 59 x
2 4 68
2 19 52
1 36 f
2 48 70
1 43 r
2 14 70
1 44 e
1 17 d
1 54 s
2 7 15
1 24 k
2 1 27
2 15 48
1 40 d
2 11 69
1 27 n
2 22 64
1 45 p
1 27 l
1 13 v
1 34 o
2 45 61
1 48 p
2 3 16
1 8 w
2 17 53
1 31 x
1 30 o
1 66 c
1 49 x
2 27 64
2 7 36
1 10 o
1 27 l
2 8 24
1 35 u
2 53 65
2 7 68
1 15 m
1 47 s
2 23 34
1 47 g
1 65 j
2 4 64
1 66 f
2 27 45
1 6 p
1 25 w
2 17 26
2 49 57
1 44 g
2 25 45
1 52 e
1 20 u
2 31 69
1 30 n
1 1 t
1 29 z
2 4 12
2 20 66
2 26 63
2 2 62
2 26 64
1 69 g
1 56 j
2 1 22
2 14 68
2 30 43
2 53 66
2 9 53
1 21 s
1 46 n
1 12 h
1 16 i
1 29 j
1 42 h
2 38 62
2 32 36
2 16 58
1 17 b
1 2 k
1 32 w
2 33 36
2 35 63
1 63 l
1 34 d
2 43 49
1 52 r
2 20 35
1 11 a
2 6 54
1 32 c
1 8 c
2 40 64
1 38 v
2 7 8
1 7 c
1 37 b
1 12 c
2 42 50
1 36 p
2 5 12
1 66 y
1 20 b
1 1 q
2 19 58
2 27 43
2 19 36
1 14 t
2 5 45
2 6 43
1 37 g
1 48 w
1 29 s
2 38 65
2 26 43
1 39 n
1 11 o
1 50 z
2 5 49
2 6 32
1 47 l
1 36 j
2 66 70
1 32 w
2 4 21
2 57 63
1 36 p
1 23 v
2 20 50
2 31 38
1 14 y
1 48 y
2 27 68
1 13 i
2 32 39
2 68 69
1 57 e
2 56 64
2 5 33
2 2 2
1 51 n
1 22 m
1 18 j
2 9 42
1 52 q
1 51 k
2 22 68
2 3 48
2 48 55
2 29 44
1 31 x
2 17 27
2 27 31
2 13 49
1 42 f
1 12 t
2 28 54
1 55 l
2 9 16
1 8 a
2 38 57
2 20 28
1 43 g
1 5 i
2 33 37
2 15 38
2 6 17
2 40 47
2 36 50
1 33 i
1 39 y
2 37 40
1 30 z
1 29 p
2 15 24
1 29 r
1 9 m
2 1 19
2 50 61
2 29 52
2 31 36
2 14 17
2 6 37
1 5 m
1 52 h
2 10 68
2 4 60
1 54 u
2 28 32
2 12 62
1 17 f
1 61 t
1 64 z
1 28 e
1 26 f
2 35 44
2 40 48
2 37 56
2 11 28
2 15 70
2 17 29
1 14 t
2 26 36
1 16 o
1 70 n
1 24 c
2 23 38
1 27 f
1 53 g
2 43 62
2 21 44
2 20 45
1 9 r
1 32 m
2 37 47
1 58 k
2 22 23
1 54 g
2 18 26
1 57 p
1 47 y
1 47 c
1 67 y
1 51 k
2 18 47
2 45 51
1 18 s
2 25 40
1 13 f
2 20 66
2 28 42
1 33 e
2 20 68
1 37 e
1 62 b
2 13 21
2 18 24
2 7 27
2 6 25
2 21 65
2 51 61
1 35 g
2 19 58
1 51 a
2 23 57
1 52 d
2 10 31
2 8 33
2 46 65
1 28 t
1 45 v
2 47 63
2 37 55
2 8 58
2 22 24
1 6 e
1 17 g
1 15 l
2 18 68
1 52 j
1 6 c
1 16 o
2 4 52
1 55 g
1 59 c
2 13 16
2 20 46
1 54 b
2 43 56
2 32 52
1 38 g
2 8 38
1 59 i
1 5 i
2 38 54
1 64 b
1 52 j
2 45 51
2 53 55
1 64 w
1 29 f
1 50 n
2 3 6
1 25 k
1 61 n
1 59 j
2 17 33
2 34 42
2 44 70
2 4 12
1 40 c
2 31 39
2 53 55
1 9 m
2 29 52
2 37 60
2 28 42
1 24 s
2 27 57
2 7 54
1 35 q
1 57 j
1 55 x
2 36 44
2 43 50
1 60 r
1 35 z
2 64 64
1 55 w
1 48 b
2 11 26
1 57 l
1 59 x
2 2 51
2 51 58
2 41 60
2 47 70
1 68 m
2 10 22
2 20 43
1 8 o
2 2 67
1 29 a
2 14 16
1 49 o
2 35 45
2 35 42
2 22 49
2 25 51
2 25 49
2 41 63
2 35 62
1 53 p
2 51 64
2 39 44
1 11 y
1 28 p
1 22 r
1 46 l
2 37 49
1 61 q
1 54 l
1 23 y
2 13 55
1 17 k
2 54 55
1 66 w
1 7 s
2 19 44
2 21 25
1 45 b
2 5 12
2 20 40
2 9 45
1 59 y
1 69 z
1 15 w
1 16 c
2 40 53
2 44 50
2 7 46
1 7 b
2 2 33
2 14 26
1 37 c
2 26 49
1 47 j
1 65 s
1 28 v
2 18 54
2 13 15
2 42 46
2 42 47
2 13 65
2 34 40
1 42 v
2 57 68
1 58 v
1 52 x
1 59 m
2 17 56
1 42 m
1 50 u
2 29 67
1 61 j
1 44 u
2 40 42
2 49 49
2 53 61
1 19 i
1 53 q
1 29 h
2 16 58
1 56 y
2 24 29
1 34 w
2 19 44
1 34 w
2 53 64
2 57 67
1 52 z
1 55 u
1 5 d
1 33 w
1 38 k
1 9 g
1 62 c
2 17 41
2 33 63
2 47 47
2 46 58
2 40 41
2 26 57
1 36 y
2 11 42
2 45 52
1 57 v
1 15 m
1 39 m
1 8 m
2 13 37
2 42 51
1 40 w
2 13 34
2 51 67
2 28 40
1 3 t
1 51 z
2 12 50
2 6 40
1 30 e
1 12 r
1 41 b
1 67 k
1 46 c
2 4 64
1 67 v
1 43 g
2 47 63
1 7 j
2 33 40
2 8 51
1 66 n
1 43 b
2 36 59
2 36 57
1 60 n
2 13 13
2 24 55
2 51 69
2 35 35
2 31 65
2 10 39
2 20 48
1 16 g
1 67 o
1 7 q
1 21 i
2 17 63
2 10 13
2 25 57
1 37 a
2 30 47
1 63 b
2 35 50
1 62 r
2 1 6
1 18 i
2 28 60
2 45 48
2 38 64
1 46 s
2 22 41
1 6 q
1 62 f
1 18 l
1 34 c
2 15 16
1 26 m
2 44 65
1 22 z
2 5 40
1 28 g
2 24 27
1 67 m
2 10 54
1 41 a
2 19 53
1 2 k
2 24 28
1 5 k
2 43 59
2 58 70
2 7 11
1 12 a
2 1 54
2 4 24
2 33 57
1 35 p
2 2 50
1 60 u
2 7 64
2 14 39
1 14 r
2 53 57
1 10 r
2 17 18
2 33 56
2 27 49
2 16 25
2 23 61
2 36 46
2 35 41
2 19 70
1 42 o
2 4 24
1 54 x
1 40 c
1 18 e
2 3 8
1 6 r
1 8 y
2 13 25
2 20 67
2 24 59
2 57 62
2 40 61
2 21 54
1 65 d
1 19 q
2 36 41
2 53 59
1 53 p
1 45 t
1 51 x
2 6 36
2 36 61
1 40 b
1 20 g
2 21 42
1 16 o
2 19 21
1 38 a
1 66 i
1 57 d
1 25 c
1 24 z
2 2 39
2 28 59
1 43 q
1 34 e
1 57 w
2 5 44
2 44 70
2 28 36
1 3 d
2 43 52
2 17 18
2 1 4
2 13 17
2 57 69
2 8 66
1 70 t
1 59 o
2 10 56
2 8 43
2 20 25
2 13 32
2 3 8
2 7 58
1 33 d
2 58 70
2 2 31
2 22 57
2 29 57
1 24 q
2 17 34
1 30 u
1 23 p
2 18 36
1 53 j
2 8 53
1 9 o
2 34 53
2 4 35
1 32 h
2 12 16
1 32 f
2 11 27
2 30 49
1 65 p
1 34 s
2 47 66
1 70 n
2 7 30
2 6 16
2 12 17
2 7 40
2 21 45
1 58 m
2 45 48
2 61 62
2 32 45
1 10 g
2 12 45
2 35 52
1 6 g
1 35 s
1 1 j
2 54 60
1 35 y
1 45 v
1 7 g
1 24 i
1 41 c
2 33 41
1 2 j
2 4 13
2 26 27
1 19 u
2 3 12
2 16 51
2 26 51
1 23 q
1 54 s
1 46 x
1 70 q
1 40 e
2 9 35
1 50 r
2 15 16
1 46 w
1 20 w
1 10 t
2 26 64
1 6 p
1 65 w
2 40 52
1 23 i
1 37 x
2 22 47
1 53 f
2 49 60
2 9 35
2 59 63
1 47 y
2 7 28
1 14 h
2 46 64
2 2 53
2 36 47
1 46 m
1 18 z
2 9 17
2 24 65
2 30 53
1 66 u
1 25 r
2 14 41
2 32 32
2 27 49
2 24 34
2 8 61
1 44 d
1 48 p
2 27 33
2 14 16
2 15 46
2 51 59
2 6 15
1 46 c
1 65 b
2 4 70
1 70 y
2 34 43
1 24 e
1 61 v
2 31 52
2 11 46
1 6 c
2 22 23
1 1 e
1 64 q
1 42 q
1 45 d
2 39 59
1 24 y
1 37 e
1 1 e
1 41 h
2 17 22
1 13 s
2 44 52
1 4 b
2 34 64
2 16 70
2 35 57
2 11 30
2 54 56
1 22 h
2 15 51
1 19 y
2 3 19
1 39 p
1 4 i
2 15 52
2 21 35
2 16 63
2 14 26
2 50 52
1 66 r
1 53 v
1 28 x
2 5 8
2 6 51
1 52 j
1 53 q
2 23 57
1 55 e
1 22 f
2 20 65
1 70 x
1 4 l
2 31 68
2 45 70
2 24 59
1 31 o
2 7 21
1 43 c
1 20 q
2 46 64
1 15 c
1 24 l
1 48 z
1 29 b
1 57 e
2 26 38
1 30 f
1 14 r
1 46 v
1 65 t
2 34 44
2 39 41
1 42 f
1 43 k
1 14 m
2 18 40
1 56 f
1 67 j
1 14 m
1 20 u
2 25 35
2 11 24
2 25 60
1 16 j
1 68 q
2 7 69
1 16 k
2 15 67
1 16 l
1 23 b
1 21 h
2 4 7
2 1 52
1 50 z
1 5 b
1 32 p
1 66 q
1 28 r
2 17 23
1 21 k
2 30 63
1 54 w
1 58 e
2 23 26
2 6 39
1 35 j
2 10 28
2 18 58
1 20 t
1 64 a
1 57 t
1 2 q
2 10 59
1 41 a
2 24 38
1 7 c
1 23 p
2 30 54
2 22 64
1 22 m
2 64 65
2 9 28
1 2 j
2 1 14
2 12 62
1 58 l
2 37 70
1 57 x
2 4 51
2 43 68
1 4 o
2 6 28
1 16 c
1 29 g
1 17 y
1 19 y
1 17 t
1 37 v
1 67 g
1 29 e
2 13 70
2 6 59
2 60 61
2 17 18
2 28 59
2 15 66
2 6 67
2 7 9
2 52 67
1 55 h
1 64 e
2 48 56
2 9 68
1 44 q
2 6 39
2 33 42
2 24 63
2 25 36
2 1 41
1 53 g
2 32 56
1 48 j
2 65 69
1 31 l
2 2 33
1 25 s
2 8 43
2 13 55
1 10 z
1 31 d
2 1 53
2 1 69
2 10 50
1 46 e
1 56 n
1 39 y
1 13 l
2 46 66
1 14 o
2 19 63
1 58 w
1 3 c
1 14 e
2 52 70
1 50 j
2 20 49
2 29 34
1 48 s
2 8 27
2 2 21
1 2 z
2 17 46
2 19 42
2 4 34
1 25 h
1 8 b
2 30 40
1 55 l
1 14 e
2 47 65
1 1 m
1 56 a
1 55 p
1 46 p
1 57 s
1 56 d
1 69 q
1 9 d
1 10 q
1 42 u
1 54 e
2 26 32
1 17 b
1 32 k
2 33 40
2 10 17
2 37 61
1 4 p
1 17 x
1 60 d
1 68 t
1 54 u
2 31 55
2 2 38
2 37 43
1 7 u
2 18 52
2 7 55
2 34 67
2 38 53
1 25 p
1 28 j
2 16 61
1 69 b
1 68 e
1 31 d
2 10 30
2 8 19
2 23 63
1 20 g
2 16 52
1 56 r
2 44 70
1 68 u
2 32 38
2 15 36
1 1 m
2 12 67
1 54 n
1 60 r
2 25 65
1 37 v
2 15 53
2 18 47
1 13 p
1 3 d
2 51 51
1 49 l
2 6 47
2 35 38
2 9 41
1 35 m
2 2 57
1 3 i
1 37 c
1 69 l
2 3 62
2 30 55
2 2 16
2 25 25
2 45 67
2 22 43
1 3 c
1 44 l
1 14 r
2 27 66
2 13 65
2 27 46
2 33 53
2 1 44
2 24 48
1 57 x
2 27 68
1 68 j
1 11 g
2 12 40
1 55 z
2 46 48
2 9 61
2 50 53
1 20 f
2 6 56
1 44 k
1 18 v
2 14 60
2 22 29
2 6 35
2 36 39
1 36 k
2 5 48
1 46 a
1 62 w
2 26 35
1 7 a
1 63 m
2 12 39
1 58 i
2 31 43
2 25 69
1 36 p
1 51 d
1 49 b
2 4 51
1 65 x
1 45 y
1 52 x
2 6 33
1 43 k
1 69 i
2 17 68
2 1 1
1 7 l
1 11 d
1 63 b
1 70 t
1 25 y
2 32 41
1 15 s
1 23 i
1 44 d
1 69 x
2 5 63
2 12 25
2 17 53
1 28 w
2 28 36
2 61 64
2 44 62
2 26 40
2 51 55
2 22 65
2 55 64
1 59 h
2 5 22
2 31 32
1 41 t
1 63 x
1 61 n
1 34 f
1 16 k
2 19 64
1 27 f
2 52 61
1 67 h
1 59 x
1 63 z
2 1 10
2 18 32
1 22 v
1 29 w
1 19 a
2 57 60
2 47 69
1 37 g
1 16 t
2 1 52
1 66 j
1 30 k
2 47 49
1 62 f
2 8 46
2 46 52
2 3 21
1 51 j
1 15 g
1 60 x
1 37 x
1 34 r
1 39 l
1 33 m
2 48 55
1 15 r
1 62 z
2 2 29
1 31 w
2 58 70
2 11 16
2 9 15
1 27 u
1 67 a
1 21 r
2 30 51
2 21 32
1 54 c
2 8 56
1 30 n
2 11 57
1 17 d
1 56 u
1 47 g
2 3 47
2 26 55
2 13 39
1 23 s
2 59 69
2 40 52
2 3 46
2 25 69
2 6 23
1 8 j
2 6 68
1 27 r
1 16 e
2 17 28
1 58 y
1 36 j
1 70 g
2 37 58
2 2 18
1 4 q
1 41 h
