21
fsllpwxxybjbiapylqrue
13004
2 1 21
2 9 13
1 12 l
1 6 g
1 10 k
1 12 q
2 3 5
1 2 r
1 3 f
2 8 19
2 14 15
1 18 l
1 17 h
1 7 l
1 21 o
1 11 t
2 7 17
2 5 12
1 7 r
1 3 v
2 6 15
1 1 i
2 13 18
1 1 g
1 19 f
2 7 7
1 19 c
2 13 14
2 20 21
2 10 15
2 7 20
1 15 e
1 3 b
2 3 3
1 21 y
1 19 i
1 16 e
1 17 u
2 5 12
1 15 s
1 9 k
1 20 k
1 12 n
1 5 x
1 12 t
1 16 f
2 10 11
1 2 t
2 4 17
1 12 w
1 13 o
2 15 21
2 6 7
2 8 10
2 1 18
1 11 x
2 1 2
2 12 19
1 12 a
1 6 z
2 7 20
1 10 q
1 13 j
2 13 19
1 1 l
1 5 t
2 8 20
2 1 13
1 10 u
1 16 d
2 9 15
2 15 15
1 3 p
2 13 18
1 19 v
1 6 e
2 5 17
2 1 12
1 8 m
1 10 i
2 2 16
1 3 y
1 20 i
2 13 20
1 3 j
2 8 15
1 13 j
1 14 t
1 12 t
1 8 h
1 17 k
1 7 m
1 18 j
2 5 17
2 9 18
2 6 13
2 6 21
2 7 8
2 13 16
1 3 b
2 2 2
1 14 v
1 17 t
2 7 7
1 14 v
2 12 20
2 12 13
2 3 9
1 19 x
2 7 10
1 13 k
1 13 w
1 8 y
2 8 16
1 5 o
1 21 q
2 9 15
2 3 8
2 6 18
2 1 20
2 1 15
2 11 12
1 14 r
1 4 h
1 10 z
1 8 v
1 15 i
1 14 w
1 18 k
1 6 v
1 15 w
1 20 r
2 1 1
1 15 u
1 12 n
2 6 8
1 15 y
1 7 c
2 8 19
2 17 17
1 2 l
1 13 k
2 2 15
1 12 o
1 15 m
2 13 20
2 16 17
2 8 13
1 9 k
2 8 20
2 10 19
2 12 18
2 11 13
1 19 h
1 13 v
2 2 14
2 8 16
2 19 21
2 5 6
2 8 18
1 6 u
1 19 l
2 5 6
2 4 17
1 10 t
2 1 20
1 16 e
1 2 f
1 1 z
1 15 m
1 21 o
2 10 10
2 5 16
1 14 t
2 5 20
1 9 j
2 3 12
2 7 12
2 8 21
2 1 15
2 2 19
2 6 12
1 3 g
2 16 19
1 15 v
2 17 19
2 11 21
2 16 21
1 14 t
2 2 19
2 6 14
2 17 21
2 13 18
1 17 k
2 4 18
1 5 r
1 13 i
1 7 f
2 11 12
1 13 j
2 6 18
1 3 q
2 5 7
1 11 w
2 11 19
1 10 j
2 9 12
1 5 x
1 2 s
1 5 d
2 2 19
1 12 p
2 6 12
1 17 l
2 1 3
1 20 w
2 5 17
2 20 20
1 3 o
2 9 9
1 21 h
2 13 15
1 18 k
1 2 c
2 15 21
2 3 13
1 10 r
1 13 p
1 11 y
1 14 m
2 3 17
2 1 9
2 3 14
2 13 15
2 3 12
1 2 m
2 4 11
2 9 12
1 11 j
1 16 x
1 18 e
1 20 s
1 20 x
1 1 d
2 12 14
1 10 g
1 3 j
1 6 f
2 5 10
2 6 11
2 7 8
2 12 21
2 17 21
2 6 8
2 10 17
1 11 a
2 2 18
1 15 h
1 4 s
2 11 14
2 13 15
2 12 20
1 6 r
1 3 j
1 18 m
2 13 15
1 11 h
2 1 13
1 18 i
2 9 18
1 13 b
2 20 20
2 2 17
1 2 w
1 18 o
1 9 l
2 2 19
1 8 b
2 10 11
2 4 13
1 5 l
1 14 y
1 11 d
2 5 13
1 1 f
2 17 21
1 1 p
1 13 a
1 12 z
1 3 s
1 21 n
2 4 5
2 3 16
2 15 17
2 5 20
1 14 k
2 8 9
1 21 a
2 14 17
1 14 u
1 20 d
2 14 18
1 11 r
2 16 20
1 14 f
1 13 s
2 5 15
2 16 18
2 15 17
2 1 16
2 4 19
2 16 19
1 14 f
1 3 y
1 9 z
1 9 n
2 8 13
1 15 u
2 9 13
1 13 a
1 10 t
1 10 m
2 12 13
1 2 b
2 4 13
1 11 f
2 8 20
2 5 8
2 13 21
2 15 20
2 9 12
1 18 d
2 4 7
1 4 b
1 3 v
1 3 r
1 4 n
1 7 h
1 3 w
2 11 15
1 14 y
2 1 15
2 19 19
2 3 6
2 8 17
2 2 16
1 2 p
2 6 17
1 19 g
2 1 5
1 20 k
2 1 13
2 18 19
1 10 w
2 12 14
2 10 12
1 21 t
2 11 16
1 16 a
1 9 x
1 8 i
2 16 17
2 6 8
2 5 19
1 10 q
1 12 v
1 2 f
2 17 20
2 12 15
2 13 16
1 13 f
1 9 g
2 4 13
1 13 i
1 18 l
1 4 o
1 14 r
2 15 18
1 12 f
2 7 14
2 12 18
1 7 j
2 6 12
1 12 v
1 3 f
1 7 u
2 2 6
2 1 10
1 11 s
2 4 11
1 21 c
2 9 21
1 11 u
1 12 m
1 10 m
2 10 13
2 4 5
2 13 20
2 8 14
2 10 19
2 2 20
1 9 q
2 8 14
2 1 20
1 8 r
2 5 18
1 19 i
2 5 16
1 15 v
2 2 9
1 18 x
1 2 w
1 11 p
1 16 z
1 16 r
2 12 16
1 20 b
2 12 18
2 8 17
1 4 y
2 4 17
1 5 m
1 14 z
1 14 r
1 21 o
1 2 y
2 13 21
1 9 e
1 9 n
2 7 13
1 2 c
1 18 e
1 10 l
2 6 9
2 6 13
2 1 7
2 3 17
2 4 7
2 5 8
1 11 n
1 8 g
1 5 b
2 9 13
1 15 f
2 2 9
2 5 14
1 11 c
1 1 h
2 13 19
2 15 17
2 9 13
2 16 18
2 13 19
2 2 11
2 3 18
1 12 k
2 12 20
1 11 n
1 9 j
2 2 8
2 6 18
2 5 9
2 9 18
2 3 11
2 6 20
1 2 f
1 15 x
1 10 b
2 14 19
1 9 y
2 1 19
2 10 20
1 6 v
1 7 z
1 3 j
2 12 21
2 11 19
2 6 14
2 5 5
2 2 7
2 2 19
2 1 7
1 13 m
2 1 16
2 15 20
1 19 b
2 8 13
1 7 y
2 1 13
1 17 g
1 13 l
2 1 19
1 6 c
1 13 i
1 17 m
1 11 j
2 3 6
1 11 a
2 4 4
1 16 l
2 4 4
1 11 k
2 10 12
2 7 11
1 3 g
1 12 g
2 17 18
1 14 u
1 9 j
2 1 7
1 20 r
1 16 y
2 7 13
1 1 s
2 17 19
1 7 y
1 6 u
2 17 20
1 10 c
1 19 z
1 21 r
2 2 2
2 10 17
2 11 21
2 12 16
2 1 16
1 12 o
2 6 16
1 3 k
1 18 o
2 1 13
1 1 j
2 3 10
1 7 d
1 11 x
1 13 c
2 14 18
2 2 9
1 5 o
1 4 v
1 2 i
1 10 j
1 6 c
2 9 14
1 2 y
1 12 b
2 2 11
1 17 w
2 6 12
2 13 18
2 9 10
1 1 w
2 8 21
1 14 q
1 19 l
2 2 9
2 9 18
1 14 v
1 18 e
1 10 w
2 14 20
2 17 19
2 1 5
2 10 19
2 1 14
1 17 p
1 9 d
2 8 17
2 2 6
2 10 12
1 1 o
2 3 17
1 4 e
1 19 s
2 4 5
1 18 q
1 16 y
2 12 19
2 4 17
2 8 8
1 9 e
2 7 8
1 5 k
2 1 15
2 5 18
2 5 13
2 11 21
2 7 14
2 4 13
2 9 18
1 8 o
2 5 21
1 11 g
1 19 l
2 20 21
2 16 19
1 1 j
2 12 18
1 2 w
1 6 u
2 10 20
1 6 y
1 7 l
2 12 14
2 9 14
2 8 13
2 7 8
1 1 y
2 17 19
2 1 14
1 9 i
1 6 l
2 3 18
1 11 o
1 7 i
1 15 h
1 20 w
1 2 a
1 4 y
1 8 v
2 8 14
2 7 21
1 13 u
1 13 a
2 4 19
1 1 p
2 8 13
1 6 w
2 20 20
1 21 a
1 3 u
2 2 11
2 7 9
1 17 r
1 3 a
2 9 20
2 7 8
1 13 l
1 20 s
1 2 b
1 21 o
2 18 21
2 11 12
1 15 d
2 6 21
1 4 h
1 9 e
2 10 12
2 3 14
2 1 16
2 5 8
1 1 o
2 2 17
1 13 q
2 11 19
1 9 f
1 21 d
1 16 b
1 8 d
2 2 18
1 3 a
1 9 k
1 21 k
1 9 k
1 8 q
1 14 g
1 3 k
1 7 k
2 7 16
1 9 t
2 16 16
1 3 b
2 8 8
1 9 k
1 2 w
2 6 16
1 5 r
2 18 19
2 12 19
1 2 l
1 19 t
1 7 u
1 7 a
1 9 h
1 3 q
2 1 20
1 7 f
2 4 17
2 7 15
1 11 v
1 16 b
2 7 18
2 4 17
1 21 v
2 13 13
2 4 6
2 18 18
2 9 10
2 12 18
1 1 r
2 4 10
2 16 21
2 10 16
1 5 d
2 8 15
2 19 21
1 13 p
1 6 l
2 10 11
2 10 15
1 16 k
2 17 18
2 1 13
2 14 21
2 9 21
2 10 12
1 2 b
1 4 x
2 1 15
2 9 10
1 12 d
2 2 6
1 12 t
1 14 c
1 9 e
2 8 12
1 18 f
1 4 u
2 5 18
2 4 10
2 2 13
1 12 u
2 1 13
2 8 19
2 6 15
2 5 21
2 18 21
1 11 p
2 17 20
1 5 b
1 20 k
2 5 8
1 12 e
1 13 o
2 6 13
1 4 e
2 6 20
2 2 15
1 3 m
2 17 19
1 10 z
2 9 16
1 7 n
2 5 13
2 9 14
1 6 x
2 6 18
1 17 t
1 2 w
1 17 l
2 3 11
2 2 10
2 16 19
1 19 k
1 1 o
2 4 11
2 21 21
1 7 c
1 9 c
2 4 6
2 1 20
2 15 21
2 19 20
1 3 i
1 4 t
2 17 18
2 18 19
1 15 s
1 8 c
1 15 b
2 2 5
1 13 u
2 8 17
1 18 p
2 3 16
1 18 r
2 10 15
1 9 x
1 16 g
2 7 8
2 13 18
2 5 16
1 21 k
2 2 17
1 2 v
1 17 b
2 9 12
1 8 j
2 6 7
2 1 14
2 1 13
2 1 15
2 5 5
2 1 8
1 7 e
1 14 t
1 13 x
1 1 g
2 13 20
1 11 j
2 7 9
2 2 21
2 12 13
2 6 17
1 19 b
1 18 r
2 8 21
2 1 14
1 16 f
2 5 8
2 4 7
1 3 l
2 7 10
1 5 q
1 7 j
2 15 20
1 17 b
2 1 15
2 2 19
1 8 s
1 20 p
1 9 g
2 13 17
1 21 l
1 21 q
1 16 v
2 5 14
2 16 21
1 19 e
1 19 k
2 8 10
1 13 w
1 4 z
1 14 u
1 13 x
1 4 d
2 1 13
1 12 i
2 12 18
2 1 2
2 19 20
2 12 14
2 9 14
1 6 y
1 4 q
1 8 f
1 12 h
2 6 20
2 9 20
1 21 h
2 3 21
2 1 12
1 16 m
1 17 r
2 4 13
2 5 19
1 15 l
2 16 17
1 3 b
1 2 b
2 14 17
1 10 f
1 2 b
1 5 s
2 1 18
1 20 q
2 12 17
1 15 d
1 9 v
2 1 17
1 14 x
1 19 l
1 12 x
1 12 a
2 8 19
2 20 21
2 2 3
2 4 21
2 1 14
2 14 17
1 12 l
1 18 a
1 6 r
1 3 z
1 11 e
2 2 4
2 9 20
2 9 15
2 5 13
2 17 19
1 16 l
1 21 a
1 20 p
1 4 z
2 1 21
2 11 21
1 10 g
1 13 a
1 21 y
2 2 16
1 19 z
2 12 18
1 13 f
1 12 d
2 2 9
2 11 15
2 6 14
1 17 t
2 11 16
2 7 14
2 2 12
2 2 8
1 20 x
1 12 w
2 9 18
1 10 t
1 8 o
1 8 r
2 18 19
1 7 z
1 13 z
1 21 p
2 1 3
2 5 14
2 7 12
2 2 14
2 18 21
1 7 t
2 8 11
2 10 20
1 2 u
1 1 e
1 16 g
1 11 j
1 16 o
1 14 p
1 19 z
2 9 18
2 4 10
1 15 e
1 8 m
2 3 14
1 12 i
1 2 i
2 2 14
2 17 19
1 10 y
2 8 9
1 20 w
1 18 s
1 16 j
1 8 u
1 18 k
2 7 20
1 2 m
1 10 n
1 3 f
2 3 11
2 7 14
2 7 17
1 20 f
1 1 h
1 9 u
2 9 14
1 20 w
1 21 h
2 2 9
2 4 18
2 3 10
1 21 y
1 11 v
2 4 13
2 2 12
2 8 15
2 5 19
1 17 o
2 11 17
1 1 d
1 2 p
2 13 18
1 16 o
2 3 11
2 10 19
2 17 21
2 5 13
2 1 8
2 4 17
2 12 16
1 6 q
1 6 q
1 3 l
1 17 s
1 13 j
1 13 k
2 4 15
1 3 w
2 13 18
1 6 f
2 13 14
2 7 8
1 17 o
1 12 f
2 6 21
2 9 15
1 13 q
2 15 16
1 12 e
1 20 i
2 9 13
2 15 20
2 1 10
2 8 18
1 15 z
2 4 15
1 2 b
1 17 f
1 15 q
1 5 r
1 4 d
1 8 a
2 15 21
2 1 17
2 5 20
1 15 w
2 2 9
1 3 w
1 11 r
2 10 18
2 3 11
2 3 21
1 5 c
2 7 8
1 21 t
1 21 v
1 7 t
2 15 18
2 13 14
2 17 19
2 7 16
1 5 m
1 9 l
2 18 19
2 12 21
1 14 l
1 19 i
2 5 14
2 3 19
1 3 g
2 2 9
1 4 s
2 3 9
2 5 16
1 2 d
2 12 17
1 16 v
1 6 v
1 20 t
1 9 c
1 13 k
1 4 q
1 18 p
2 4 16
1 12 q
2 12 13
2 5 7
2 1 17
2 3 10
1 21 g
2 7 19
2 6 17
1 18 b
1 21 k
1 18 q
1 12 o
2 5 6
1 11 u
2 3 16
1 12 d
2 13 19
1 21 k
1 18 j
2 8 20
1 17 y
1 16 n
1 4 l
1 5 e
1 20 i
1 11 y
2 6 6
1 4 l
1 2 h
2 17 21
2 13 17
2 8 11
1 21 k
2 6 6
1 12 l
2 6 19
2 14 17
1 15 k
2 6 19
2 2 16
2 6 16
1 5 e
2 9 14
1 9 u
1 15 d
2 4 7
2 9 18
1 4 t
2 11 13
1 3 n
1 9 q
1 1 u
2 11 17
2 2 9
2 15 18
1 3 v
2 5 10
1 19 m
1 15 c
2 6 18
1 4 x
2 10 17
2 13 14
2 11 20
2 1 5
1 13 u
1 16 e
1 14 o
2 5 17
2 8 17
1 11 o
1 8 a
1 12 j
1 2 a
1 21 s
1 18 z
1 13 m
1 11 z
2 10 11
2 9 11
2 14 17
1 13 o
1 17 f
1 6 d
2 6 7
2 7 14
2 9 17
1 18 h
2 7 8
2 1 13
2 15 18
2 6 19
1 14 q
1 18 e
1 15 i
2 10 18
2 6 15
2 18 20
2 5 9
2 8 12
2 15 17
1 2 z
1 13 p
1 16 n
1 1 o
1 14 u
1 7 w
2 7 21
1 15 f
1 7 v
1 21 m
1 13 k
2 11 16
2 1 6
2 3 17
2 2 7
1 14 x
1 8 p
2 9 17
2 9 12
2 6 12
1 6 n
1 15 f
2 2 20
2 14 20
2 6 20
1 8 r
2 11 13
2 17 20
1 20 w
2 3 10
2 2 14
2 10 18
1 8 c
2 8 8
1 2 v
2 1 10
2 3 10
2 8 12
2 14 15
1 14 z
2 2 13
1 6 o
1 4 a
1 10 o
2 7 8
2 9 14
1 6 n
2 5 12
1 6 j
1 20 r
2 11 16
1 2 p
2 13 18
2 10 15
1 10 y
2 14 17
2 3 14
1 12 j
2 4 5
2 12 18
2 4 20
2 3 20
1 14 q
1 2 g
2 5 8
2 19 21
2 7 17
1 1 e
2 4 14
2 10 19
2 1 3
1 14 m
2 13 18
2 7 10
2 12 15
1 19 i
2 10 18
1 21 a
1 20 j
1 18 o
1 6 u
1 6 d
1 3 m
1 15 y
1 15 i
2 8 12
1 3 r
2 1 11
1 10 n
2 1 11
2 5 12
2 7 20
1 1 r
1 16 e
1 20 z
2 1 4
2 18 21
2 6 17
2 13 16
1 8 m
1 18 o
2 11 19
2 10 12
2 1 13
2 4 20
2 1 10
2 10 12
1 7 b
1 15 q
1 3 u
2 6 14
2 8 16
2 11 12
2 2 4
2 6 7
2 10 17
1 10 g
1 18 a
2 1 13
1 12 h
1 5 f
2 1 15
1 13 c
2 17 17
2 17 18
1 10 r
1 10 z
1 18 y
1 11 f
1 18 u
1 7 b
2 1 16
2 5 17
1 16 s
2 5 12
1 17 b
1 7 d
2 1 20
2 10 20
2 9 20
1 16 h
1 13 a
2 10 21
1 20 g
2 1 9
1 13 u
2 5 15
1 9 w
1 11 p
1 13 y
1 19 q
1 8 h
2 8 19
1 8 y
1 9 y
2 2 16
1 7 z
2 11 19
1 21 y
1 15 c
2 7 8
1 18 c
1 11 g
2 2 10
2 4 11
1 3 q
1 11 u
1 7 s
1 5 y
1 1 t
2 5 15
2 8 14
2 5 7
2 9 19
1 8 s
2 19 20
2 9 11
2 7 12
1 6 c
1 3 t
1 9 e
1 3 c
2 4 11
2 12 21
1 5 p
2 3 6
2 12 14
2 13 16
1 14 c
2 8 19
2 16 20
2 9 9
2 9 17
1 14 n
1 2 v
2 7 10
1 7 y
2 5 17
2 7 14
2 6 6
2 2 14
1 14 u
1 5 f
1 11 z
1 18 r
2 14 15
2 9 15
1 14 n
2 1 14
2 15 20
2 6 11
2 7 13
1 3 l
2 8 11
2 12 16
1 16 t
1 5 t
2 5 10
1 10 v
1 3 q
2 7 19
2 15 18
1 15 o
2 5 10
2 9 18
1 17 d
2 2 13
2 2 15
2 15 15
1 9 d
2 4 9
2 15 17
1 14 b
1 11 a
2 2 7
2 2 21
2 4 19
1 9 i
2 9 18
1 5 t
2 21 21
2 2 6
1 8 a
1 1 q
2 11 15
2 4 4
2 2 20
1 11 b
2 10 19
1 13 v
1 19 j
1 12 m
2 14 14
1 10 s
2 8 16
2 3 7
2 2 11
1 7 v
2 13 16
2 14 15
2 14 21
1 10 d
2 6 11
1 1 a
1 10 h
2 5 16
2 7 8
2 3 4
1 19 x
2 3 8
1 12 v
2 4 9
2 2 13
1 14 j
2 3 8
2 12 12
2 8 16
2 3 17
1 20 j
2 10 13
1 14 y
1 6 c
2 11 13
2 5 13
2 6 12
2 3 3
1 12 n
1 20 g
2 11 15
2 13 21
2 11 11
2 4 21
1 1 b
2 10 14
1 9 t
2 13 17
2 3 20
2 13 16
2 7 20
1 21 i
2 5 14
2 5 13
2 3 11
1 2 k
2 5 15
2 10 14
2 8 13
1 3 v
2 4 20
1 10 a
2 1 13
2 5 8
1 7 w
1 18 a
1 10 w
1 11 a
1 7 w
1 10 u
1 21 o
1 3 w
1 7 m
1 9 m
1 13 j
2 6 21
1 6 u
2 2 8
2 15 18
2 13 21
1 17 i
1 13 i
1 9 e
1 13 b
1 20 h
1 3 v
2 1 17
2 7 9
2 7 21
2 17 18
2 5 17
1 16 s
1 18 b
1 2 s
2 6 18
2 9 12
2 1 9
2 3 14
2 16 19
1 13 m
1 9 d
2 2 9
1 7 r
2 3 5
2 9 16
1 19 x
1 21 s
2 6 14
2 1 5
2 10 19
1 6 v
1 4 u
2 3 6
2 11 19
2 2 6
1 2 u
2 9 18
2 4 13
1 14 r
1 1 p
1 19 j
2 17 20
2 5 12
1 8 o
1 4 j
2 1 13
2 13 18
2 15 20
2 3 11
2 2 3
1 19 e
2 4 15
2 1 6
2 6 8
1 15 b
1 14 t
1 12 l
2 12 12
2 4 5
1 13 e
1 7 g
1 7 x
1 20 y
1 5 y
1 1 j
1 12 q
1 11 a
2 1 15
2 6 7
1 21 i
1 3 d
2 6 16
1 20 b
2 12 15
2 9 10
1 7 v
2 14 21
2 10 21
2 3 11
2 19 21
1 4 i
1 12 b
2 7 21
1 5 d
1 8 l
1 9 w
1 20 m
1 12 d
2 3 5
2 5 18
1 20 d
1 11 t
1 2 c
1 16 n
2 11 11
1 2 x
1 4 i
2 6 17
2 15 17
2 6 11
1 3 o
2 8 15
2 5 8
1 19 m
2 4 15
2 10 14
1 18 g
1 12 w
1 5 p
2 3 21
2 10 13
2 2 10
2 3 9
2 13 15
1 5 a
1 19 h
1 20 i
2 1 13
2 12 21
2 8 15
2 14 20
1 14 y
2 9 15
1 15 u
2 7 21
2 16 21
2 10 10
2 9 10
1 6 y
1 5 s
2 5 19
1 19 a
2 2 11
2 9 15
1 10 c
2 11 12
1 9 y
1 20 l
2 7 21
2 4 12
1 19 t
1 15 j
1 15 s
2 4 15
2 5 8
2 13 15
2 9 12
2 13 19
2 3 12
2 5 20
1 20 c
2 4 7
1 17 g
2 15 16
1 15 s
2 2 8
1 6 k
1 10 n
2 5 18
2 1 17
1 21 x
2 5 5
2 1 16
2 11 18
2 8 10
2 11 14
1 2 i
2 9 16
1 2 j
2 1 4
1 12 u
1 1 a
2 4 21
1 3 b
1 3 s
2 14 18
2 7 14
1 21 s
2 9 17
2 3 16
1 15 x
1 14 s
2 9 13
2 9 19
2 13 17
2 2 3
2 5 18
2 3 8
2 1 18
1 15 j
1 17 o
2 19 20
1 8 d
1 2 o
2 9 18
2 8 18
1 20 b
2 4 12
2 10 19
1 1 n
2 6 8
1 21 i
2 6 16
2 6 15
2 3 9
1 16 f
1 5 r
1 18 k
2 2 20
2 16 16
1 15 n
1 7 j
2 3 8
1 21 i
1 9 b
1 13 l
2 1 16
1 20 t
1 2 l
1 3 r
1 11 c
2 3 15
1 12 f
2 18 20
2 5 5
1 5 o
2 6 7
1 13 j
1 10 o
2 14 21
1 8 r
2 18 20
1 10 s
2 12 19
2 5 13
1 19 q
2 5 10
2 4 6
2 3 18
2 10 12
2 5 18
1 8 n
1 9 r
2 1 13
1 7 g
1 4 x
1 16 g
1 3 p
1 20 r
2 4 10
2 2 16
2 3 5
2 11 13
2 20 21
1 20 w
2 6 17
1 7 i
2 8 8
1 2 u
1 3 t
1 10 w
2 5 16
1 6 r
2 18 21
2 3 4
2 14 19
2 4 7
2 9 17
1 19 v
2 12 18
2 13 21
1 10 o
1 10 t
2 19 20
1 6 s
2 2 13
1 10 n
1 10 k
1 6 z
2 9 13
1 11 j
1 15 s
2 6 21
1 17 p
1 19 g
2 15 18
1 19 u
2 17 21
2 6 15
1 17 l
2 12 15
1 2 f
1 3 u
2 3 15
2 10 15
1 15 p
1 4 o
1 16 t
1 18 y
1 14 l
1 11 f
1 5 z
1 3 e
2 8 15
1 21 n
2 5 19
2 1 14
1 21 j
1 17 i
1 17 u
1 2 s
1 8 g
1 3 y
2 19 19
1 11 v
2 17 20
2 11 18
1 21 i
1 6 b
2 13 14
1 15 n
1 18 u
1 8 x
2 7 19
1 4 b
2 6 20
2 11 20
1 16 s
1 16 f
2 2 5
2 8 15
2 3 5
2 3 14
1 18 e
2 2 9
2 11 17
1 4 r
2 7 8
2 1 15
2 15 20
1 3 f
1 5 s
1 9 m
1 5 o
2 4 18
2 3 21
2 7 12
1 21 g
2 3 5
1 7 k
2 15 19
2 4 13
1 15 e
2 2 15
2 1 18
2 10 21
1 9 g
1 21 n
1 13 w
2 8 11
1 3 e
2 12 20
2 13 19
2 10 12
1 6 l
1 19 k
1 16 h
1 16 w
1 17 h
2 11 12
2 11 14
1 10 b
1 2 w
1 1 o
2 2 9
2 8 15
2 2 15
2 7 21
2 1 4
2 6 8
1 19 s
2 2 17
1 20 h
1 4 f
1 5 c
2 6 11
2 13 20
1 17 t
1 19 n
1 21 g
2 4 6
1 3 d
2 7 16
1 10 v
2 16 20
1 8 b
1 20 j
2 1 17
1 18 g
2 11 12
1 3 j
2 7 7
1 1 v
2 2 21
1 19 o
1 19 f
1 5 i
2 13 20
1 14 j
1 18 w
1 13 n
1 14 a
2 8 20
1 6 q
1 1 y
1 9 h
1 2 v
1 10 k
1 17 b
2 6 9
1 7 u
2 10 12
2 5 18
1 3 v
2 7 12
1 3 b
2 8 20
1 3 n
2 4 7
2 4 20
1 18 j
2 1 11
1 13 d
1 14 p
1 15 a
1 12 o
1 16 e
2 4 6
2 10 16
2 1 14
2 4 13
1 1 w
1 6 o
1 9 h
1 20 g
1 19 u
1 14 g
2 6 19
1 11 n
2 15 19
2 13 18
1 3 b
2 6 14
1 4 b
1 2 b
2 12 21
1 15 p
1 12 q
1 6 h
1 1 d
2 19 20
2 11 17
2 9 19
1 3 g
1 13 m
2 7 7
2 2 17
2 11 19
1 13 m
2 2 17
1 12 w
1 14 e
1 17 u
2 8 15
2 8 10
2 9 12
2 3 16
2 7 19
2 8 14
1 9 t
2 5 18
2 6 20
2 5 14
1 17 o
2 6 10
1 9 y
2 13 20
1 2 y
1 6 h
2 13 13
1 9 w
2 1 20
2 16 17
1 17 i
1 7 m
1 17 c
1 15 k
1 9 q
2 3 6
1 13 n
2 1 5
2 2 9
1 12 m
1 6 k
2 13 19
2 1 6
1 12 u
1 21 q
1 16 h
2 10 15
1 1 q
1 12 d
1 14 m
1 15 y
1 4 q
1 19 m
2 16 21
2 20 21
2 6 21
1 10 s
1 16 a
2 5 19
2 13 20
2 10 19
1 14 b
1 6 e
1 1 f
1 4 x
2 7 12
2 6 8
2 17 19
1 10 d
2 12 16
1 7 p
1 20 c
2 9 20
1 18 r
2 1 9
1 19 w
1 3 b
2 4 13
2 5 18
2 8 18
2 12 13
2 2 20
2 5 10
1 8 m
2 1 7
1 12 z
2 5 11
1 4 n
2 2 14
2 6 7
1 17 n
1 18 k
1 2 g
1 7 x
2 14 20
1 16 i
1 18 r
2 2 3
2 11 13
1 10 q
2 13 21
1 5 m
1 20 c
1 5 k
1 12 v
2 18 21
1 1 v
1 19 i
2 11 20
1 10 x
1 3 r
2 9 15
1 17 v
1 10 r
2 5 6
1 21 r
1 21 y
1 14 t
2 1 8
1 3 z
2 14 21
2 11 18
2 7 14
1 6 o
2 3 12
2 4 18
2 5 19
1 20 i
2 2 9
2 1 11
2 4 15
1 20 e
2 1 8
2 2 14
2 4 7
1 1 x
1 1 v
1 10 w
1 10 g
1 14 w
2 6 13
1 15 f
1 1 b
1 21 a
2 11 19
1 3 a
1 15 r
2 6 15
1 8 o
2 4 8
1 11 o
2 9 11
1 16 k
2 6 9
1 8 x
2 1 13
2 13 17
1 5 f
2 2 13
1 20 r
1 3 l
2 2 4
2 1 9
1 19 r
2 13 18
2 19 20
1 4 e
2 5 21
2 16 18
1 1 i
1 16 z
1 11 k
2 6 21
2 4 20
2 4 14
1 5 z
1 12 u
1 10 c
1 17 w
2 1 9
1 9 p
1 17 c
1 7 o
1 9 m
2 2 12
2 8 17
1 8 e
2 11 12
1 8 l
1 1 h
1 15 x
2 6 8
1 4 t
1 8 m
2 5 20
1 9 x
1 12 b
1 18 j
1 2 b
1 21 d
2 14 21
1 12 r
1 17 w
2 8 21
2 5 15
2 13 13
1 18 b
1 18 s
1 1 a
1 11 v
1 6 s
1 9 l
1 16 w
2 10 21
1 12 a
1 14 a
2 7 14
2 5 11
1 4 s
2 17 19
1 12 y
2 11 20
1 3 r
2 2 2
1 13 a
2 1 21
2 5 7
1 19 j
1 4 b
1 5 s
2 3 9
2 7 15
2 13 16
1 17 v
1 2 v
2 2 11
2 12 19
2 10 12
1 10 t
2 7 11
1 10 f
1 12 r
1 10 i
2 5 7
1 19 r
1 11 j
1 21 o
2 3 11
1 13 n
1 18 z
2 1 8
1 17 r
1 19 i
2 8 15
1 12 b
2 6 14
2 19 21
2 3 21
2 3 16
2 10 17
1 8 z
1 6 x
2 2 11
1 10 q
1 6 v
1 20 o
1 11 e
2 2 13
2 14 19
1 2 c
2 11 19
2 20 21
2 1 18
1 18 x
1 12 t
2 9 19
2 5 8
2 5 7
1 16 p
1 18 y
2 8 16
2 2 18
1 1 h
1 20 o
2 4 20
2 4 12
1 10 m
1 4 h
1 12 q
2 1 18
2 1 7
1 18 m
2 4 8
2 5 5
1 13 p
1 6 k
1 8 b
2 7 9
1 9 e
1 10 f
2 5 12
1 19 w
2 2 13
2 6 9
2 3 5
1 10 s
1 17 e
1 9 p
1 4 b
1 14 t
2 4 12
1 16 e
2 11 18
2 16 17
1 13 h
2 11 18
2 9 18
1 20 f
1 21 w
1 3 p
2 1 8
1 3 h
2 1 19
1 16 k
2 4 21
2 1 9
2 15 20
1 11 i
2 1 8
2 9 21
1 16 y
1 14 w
2 9 19
1 18 l
2 1 6
2 2 8
1 8 d
1 14 c
1 15 u
1 5 t
2 16 16
2 13 19
1 15 z
2 5 21
1 1 h
1 18 b
1 3 k
1 16 u
2 17 17
1 7 n
1 9 b
2 13 17
1 19 h
1 10 j
1 15 s
2 8 16
1 14 o
1 18 q
2 8 18
1 4 s
1 15 g
2 15 19
2 1 18
2 11 16
1 1 x
2 7 10
1 14 n
2 10 14
1 21 o
1 18 v
1 18 k
1 2 f
1 19 p
2 3 8
1 1 y
2 10 13
1 18 o
1 5 i
1 18 y
1 20 n
2 3 13
2 1 19
1 16 y
1 9 p
1 6 n
1 13 t
2 2 13
2 7 15
1 9 o
2 10 16
2 3 6
1 10 j
1 6 k
1 9 q
2 3 3
2 6 7
1 14 s
2 3 6
1 13 m
1 11 i
1 19 o
2 17 19
2 2 8
1 13 z
1 17 p
1 2 i
1 19 q
1 11 o
2 5 12
2 9 18
1 1 w
2 3 12
2 9 10
1 17 v
1 20 x
2 9 12
2 5 17
2 8 12
1 6 r
1 7 r
1 10 i
2 10 21
2 10 19
2 3 15
2 11 16
1 1 v
1 20 z
2 5 18
1 20 k
1 7 d
2 13 15
2 7 21
2 1 7
1 11 m
2 6 21
2 1 19
1 18 y
2 8 18
2 1 5
2 11 15
1 7 n
1 14 j
2 12 17
2 19 19
1 12 q
2 1 4
2 3 15
2 7 14
1 9 d
2 5 10
1 11 u
2 1 1
2 6 10
1 5 r
2 2 8
1 10 l
2 7 11
2 10 13
2 9 20
1 7 p
2 5 21
1 9 k
1 10 y
2 7 7
2 10 17
2 12 18
2 2 17
1 12 y
1 1 q
2 8 15
1 11 j
2 19 19
1 13 n
1 16 p
1 8 g
2 4 12
2 3 7
2 7 9
2 15 20
2 5 21
1 6 c
1 8 h
2 6 13
2 11 16
2 3 4
2 6 15
1 4 d
2 8 20
2 19 20
1 18 u
2 3 3
1 8 c
2 7 15
1 13 p
1 11 s
2 10 18
1 5 a
1 13 x
2 3 4
1 8 u
1 10 s
1 21 a
2 10 16
1 13 k
2 14 15
2 5 7
2 1 17
1 7 m
1 3 u
2 14 16
2 4 15
1 8 r
2 3 11
1 12 c
2 6 17
1 6 f
2 8 18
1 8 p
1 18 f
1 21 c
1 6 i
1 14 d
1 13 q
1 17 a
1 7 x
2 8 13
2 6 10
1 8 i
2 7 15
1 20 r
1 9 b
1 19 s
2 1 8
1 19 y
2 2 21
2 8 17
1 1 m
2 11 16
1 19 g
1 3 l
2 5 8
2 2 8
2 9 11
2 1 13
2 9 18
1 8 c
2 3 13
2 1 9
2 13 20
2 5 9
1 4 p
1 19 i
1 9 y
2 3 13
2 2 15
2 8 16
1 4 o
2 4 15
2 4 19
2 1 4
2 6 10
1 16 a
2 10 20
2 2 11
2 6 8
1 1 a
1 20 g
2 1 8
1 6 g
2 5 7
1 2 o
1 16 n
2 14 21
2 4 21
2 11 15
2 12 14
2 8 11
2 1 18
1 5 i
1 12 g
2 2 3
2 5 21
2 6 20
1 4 e
2 1 10
2 2 5
1 18 j
2 18 21
1 1 h
2 6 19
2 5 20
1 2 v
1 10 u
1 2 a
2 2 3
1 8 z
2 8 20
1 11 s
1 20 q
1 15 a
2 11 14
1 11 j
2 20 20
1 19 u
2 12 18
2 14 17
2 18 20
2 7 16
1 9 g
2 5 19
1 5 b
2 15 20
2 2 20
2 4 9
2 5 15
1 11 o
1 12 j
2 5 8
2 6 16
1 4 l
2 5 6
1 12 l
2 1 1
1 6 i
2 12 17
2 4 21
2 3 9
2 9 10
1 21 j
2 1 7
1 1 z
1 1 v
2 16 17
1 1 n
1 20 l
1 21 n
1 6 w
2 10 13
2 19 21
2 10 14
1 13 t
2 1 9
2 11 15
1 19 r
2 3 16
1 7 k
1 11 b
1 7 f
1 19 v
2 7 16
1 19 r
2 2 15
1 1 e
1 7 h
1 17 c
2 3 13
1 18 x
2 12 17
1 4 m
1 17 z
1 14 b
1 6 z
2 2 10
2 10 16
1 3 j
1 1 u
1 11 o
2 11 18
2 1 15
2 8 15
2 15 17
2 3 8
2 4 12
1 2 m
1 14 k
2 1 14
2 14 21
2 11 15
2 11 18
2 12 16
2 10 15
2 16 16
2 10 20
1 13 i
2 7 9
2 8 13
2 4 15
2 8 13
2 6 20
1 1 q
1 19 s
1 2 b
2 10 17
1 16 t
2 9 15
1 3 k
2 13 16
1 20 o
2 14 15
1 15 s
2 17 19
2 10 16
1 16 i
1 15 s
1 11 w
1 2 o
1 6 j
1 19 x
1 13 g
2 15 17
1 14 y
1 4 x
2 15 19
2 19 21
1 15 j
2 7 20
1 19 y
2 7 9
1 17 p
2 7 15
1 6 r
2 10 21
1 7 p
1 13 g
1 11 x
1 9 q
1 11 p
1 11 c
2 14 17
1 4 r
2 5 11
2 5 5
2 5 15
1 16 z
1 15 b
1 5 f
2 4 13
2 6 12
2 7 21
1 8 s
1 6 l
2 13 18
2 6 8
2 4 17
2 1 15
2 5 15
1 10 y
1 7 x
1 11 r
2 15 18
2 17 18
1 3 b
2 9 18
2 6 8
2 5 18
1 1 a
1 20 r
2 1 19
2 8 18
2 5 14
1 11 n
1 19 a
2 3 17
1 11 o
2 5 7
2 6 18
1 6 g
1 7 k
1 16 v
1 4 n
2 3 18
2 2 4
2 4 12
2 8 20
1 3 t
1 2 k
1 12 j
2 8 15
2 11 18
2 1 16
2 10 20
1 11 t
2 5 8
1 18 e
1 15 u
1 3 r
2 1 21
1 10 c
2 4 11
1 6 v
2 15 19
1 8 c
2 5 21
1 16 o
1 13 s
1 17 r
1 17 f
1 18 t
1 2 r
2 8 10
2 9 14
2 4 17
2 1 12
2 6 11
1 16 s
1 17 x
2 7 21
1 19 f
1 11 r
1 21 l
2 11 12
1 13 t
1 16 v
1 10 f
2 10 20
1 12 f
1 4 d
1 21 e
1 9 q
2 4 18
2 5 20
2 4 20
1 3 k
1 14 e
2 6 14
1 2 r
1 7 a
1 21 v
1 1 g
2 3 10
1 16 z
2 5 14
1 8 k
1 10 z
1 18 x
2 17 20
1 21 e
1 9 g
1 15 c
1 5 q
2 8 8
2 12 15
2 5 8
1 20 a
1 17 t
1 6 x
2 1 19
1 11 f
2 3 6
1 18 g
1 20 e
2 10 14
2 7 8
1 3 f
2 2 5
2 2 4
1 5 b
2 9 16
2 9 21
2 2 17
2 9 20
2 7 16
1 2 t
1 13 m
2 2 6
2 15 21
1 7 m
1 20 g
2 9 12
2 8 12
1 7 d
1 18 c
1 20 i
1 13 o
1 14 r
2 6 7
2 1 10
1 17 y
2 3 16
1 15 a
2 1 13
2 3 10
1 21 k
2 1 16
1 6 m
1 5 i
1 10 a
2 10 15
1 11 g
2 2 18
1 16 p
1 4 j
1 1 l
2 17 20
1 20 f
2 9 12
2 9 17
1 19 t
2 9 19
1 16 m
1 21 c
1 12 k
2 4 18
1 2 v
1 9 k
2 5 13
1 6 d
1 19 l
2 14 16
1 2 u
1 15 b
2 3 19
2 1 4
2 14 16
2 1 9
1 20 q
1 20 a
2 13 16
2 12 17
1 15 q
1 10 n
1 16 c
1 14 f
1 7 t
1 3 w
2 2 21
1 1 j
1 21 v
2 5 20
2 2 7
1 6 z
1 21 h
1 14 n
1 19 h
1 2 p
2 2 11
2 1 3
2 2 3
1 17 y
1 16 y
1 2 t
1 12 x
2 11 15
1 13 e
1 6 h
1 21 g
1 3 l
1 21 y
2 2 17
1 4 m
2 5 7
2 6 10
1 18 f
2 12 13
2 1 13
1 15 c
2 1 10
2 11 15
2 4 13
2 7 18
2 5 16
2 7 19
1 10 a
2 4 16
2 6 12
2 8 16
1 8 o
1 12 f
2 15 18
1 12 h
1 7 y
2 2 4
2 6 13
1 17 r
1 13 p
2 13 17
1 16 s
2 17 17
2 5 19
2 2 15
1 1 u
1 7 d
2 1 4
2 3 14
1 3 r
2 2 20
2 6 16
1 9 c
2 7 19
1 21 b
2 7 17
1 12 j
2 8 9
1 2 b
2 3 4
1 17 f
2 4 6
2 5 15
2 1 18
2 2 15
2 7 17
2 3 8
1 7 e
2 11 20
2 4 7
1 10 v
2 18 21
1 17 t
1 8 v
2 7 19
1 4 i
1 19 k
1 2 j
2 13 13
1 20 g
1 12 w
1 6 a
1 15 z
2 9 18
2 8 18
2 1 5
2 2 12
2 4 7
2 11 12
1 17 a
2 1 8
2 8 10
1 9 w
1 3 i
2 2 21
2 10 19
1 15 k
1 12 u
2 12 14
1 9 f
1 11 l
2 3 6
2 9 16
1 7 n
2 1 18
1 21 n
1 5 l
1 2 r
1 4 v
2 2 21
2 3 5
1 13 v
2 13 19
1 14 r
2 9 17
2 12 15
2 16 17
1 10 y
1 3 j
2 13 16
1 19 z
1 13 h
1 6 q
2 5 10
1 18 i
2 1 11
1 21 j
2 6 11
1 3 h
1 11 c
1 5 h
1 20 r
2 1 7
2 6 13
2 8 16
2 20 21
1 10 v
1 20 q
1 8 k
2 7 17
2 9 12
2 8 13
1 16 x
2 5 13
2 8 17
1 16 b
1 11 o
2 13 17
1 10 f
1 17 f
2 2 9
2 4 20
1 2 l
1 21 s
2 7 11
1 4 m
1 17 p
2 5 11
1 5 g
1 12 u
1 6 e
2 7 21
1 18 z
1 12 o
2 14 17
2 9 14
2 1 19
1 5 b
2 5 9
2 10 11
1 16 s
1 1 y
2 9 15
2 10 16
2 10 12
2 10 17
1 3 k
2 10 11
2 17 20
2 6 6
2 1 17
2 1 8
2 15 19
2 12 15
1 16 n
2 5 7
1 10 m
1 20 l
2 14 19
1 8 z
1 19 n
1 3 d
1 19 u
1 13 v
1 9 c
2 8 21
2 15 19
1 15 h
2 13 18
2 5 8
2 16 21
1 6 r
2 6 8
2 3 11
2 6 16
1 10 x
2 2 19
2 8 16
1 11 z
2 3 12
1 12 s
2 10 13
2 4 12
1 6 j
2 14 19
2 10 13
1 15 j
2 9 9
2 2 6
1 14 v
2 4 4
2 15 16
1 9 w
2 10 10
1 21 n
1 15 z
2 10 10
2 3 6
2 1 20
1 1 c
2 13 17
2 14 20
1 13 j
1 6 y
2 9 21
1 18 m
1 6 k
1 5 f
2 1 5
1 16 n
2 1 4
2 12 13
2 9 14
2 7 11
1 21 d
1 6 j
2 8 17
2 4 20
1 2 g
1 15 x
1 20 g
1 17 e
2 10 17
1 18 f
1 1 n
2 4 17
2 2 10
2 16 20
2 7 8
1 15 g
2 14 15
1 10 t
1 21 c
2 12 13
1 10 j
1 17 w
1 6 e
2 2 5
1 15 e
2 5 8
2 7 12
1 8 l
1 4 x
2 11 13
1 13 f
1 18 g
1 9 c
2 7 15
2 5 14
1 17 q
2 5 21
2 9 19
1 3 o
1 11 j
2 20 20
2 5 7
2 9 20
2 16 16
1 20 f
2 8 21
1 18 g
2 1 7
1 18 a
2 8 14
2 2 18
2 2 15
1 4 a
2 14 17
2 5 15
1 16 d
2 8 11
1 10 k
2 14 19
2 10 12
1 1 o
2 1 10
1 6 u
2 3 18
1 13 u
1 7 l
1 19 z
1 9 a
2 3 21
1 16 g
2 16 20
2 1 7
2 1 12
1 3 i
1 5 n
1 21 a
2 11 16
2 7 8
2 2 19
2 7 14
1 19 t
2 4 21
2 2 10
2 5 17
2 12 17
1 4 o
2 7 19
2 12 13
1 3 z
2 3 17
1 15 a
1 9 t
2 2 13
2 1 20
2 16 20
1 18 n
2 17 19
2 2 20
2 7 19
2 12 21
2 17 18
1 19 g
1 11 b
1 18 t
1 7 a
2 12 21
2 7 21
2 7 10
1 8 u
1 7 a
1 5 e
1 14 k
1 18 a
1 11 g
1 5 t
1 3 f
2 6 18
2 6 9
1 7 j
2 14 20
1 21 d
2 17 21
1 5 f
1 12 a
1 18 s
2 14 16
2 2 8
2 2 11
2 1 9
1 9 t
1 12 l
1 10 b
1 8 b
1 2 i
1 8 z
2 8 18
2 1 11
1 2 a
1 18 x
1 6 s
1 14 z
1 1 b
1 8 i
2 1 12
1 17 n
1 2 x
1 15 d
2 5 16
2 1 5
2 3 15
1 14 e
1 19 r
2 19 20
2 6 13
1 4 s
2 4 17
1 20 i
2 15 17
2 11 11
2 4 8
1 19 r
1 6 i
2 15 21
1 2 f
1 1 q
2 5 8
2 1 21
1 12 r
2 5 7
1 16 q
2 17 20
2 3 7
1 15 k
2 11 17
1 3 w
1 4 i
2 12 19
1 17 u
2 1 2
1 4 i
2 4 17
1 8 m
1 16 c
2 10 20
2 6 18
2 3 12
2 20 21
1 11 w
2 1 17
1 9 x
1 16 l
1 17 y
2 2 12
1 15 u
2 14 15
2 1 15
2 15 16
1 17 f
2 1 8
1 20 a
1 13 z
2 2 13
1 3 z
2 11 17
1 21 e
1 8 q
2 15 17
2 4 20
1 8 q
2 14 18
1 5 f
2 6 14
2 20 21
1 10 w
2 7 15
2 7 15
2 2 6
2 6 9
2 15 17
2 14 18
2 5 11
1 11 n
1 11 e
2 4 17
2 1 16
1 1 g
1 11 x
1 20 v
1 3 y
1 1 q
1 2 n
1 16 s
1 1 j
1 3 b
2 7 8
1 11 e
1 20 j
1 4 w
1 3 e
1 5 c
1 12 f
1 19 l
1 4 z
2 4 16
1 14 p
1 4 n
2 4 12
1 16 y
2 10 19
2 5 15
1 16 h
1 13 j
1 15 n
1 14 p
1 10 f
2 1 10
1 13 z
1 1 a
2 14 15
1 17 p
2 1 5
1 10 v
2 8 20
1 15 x
2 10 10
2 11 19
2 5 21
2 10 13
2 18 20
2 3 17
1 5 r
2 9 9
1 5 q
2 2 21
2 8 10
2 4 20
2 3 20
2 13 21
1 8 a
1 15 h
2 15 18
2 11 16
1 1 z
1 7 s
2 1 15
1 16 a
1 18 l
1 16 y
1 2 e
1 7 q
2 8 14
2 12 19
1 7 m
1 10 j
2 2 18
1 1 k
1 15 k
1 8 i
1 1 a
2 8 10
1 20 l
2 15 16
1 16 m
1 9 g
2 1 11
1 10 b
1 9 v
2 2 12
1 11 o
2 8 21
2 2 21
2 6 17
2 4 6
2 3 6
1 17 x
1 3 p
2 10 17
1 20 j
1 21 r
1 10 g
1 3 w
1 10 y
1 8 i
2 6 17
2 10 19
1 16 s
1 13 v
2 14 14
1 8 y
1 19 c
1 12 z
1 9 p
2 4 16
2 20 21
1 15 c
1 8 p
2 12 19
1 10 y
1 20 y
2 15 19
2 11 16
2 1 2
2 9 9
1 18 w
2 4 10
2 2 8
2 15 16
1 16 a
1 20 i
1 15 w
2 14 14
1 18 y
2 3 13
1 13 i
1 9 b
1 2 g
1 3 y
2 3 19
2 5 12
1 6 j
2 6 18
1 21 v
1 1 u
1 20 g
1 6 c
1 6 r
1 19 z
2 17 18
2 10 11
2 4 7
2 17 21
1 6 m
1 6 y
2 17 20
1 2 p
1 6 f
2 6 17
1 6 i
1 13 x
1 4 z
2 4 19
1 8 d
1 4 d
2 15 16
2 16 18
2 9 18
1 3 y
2 1 15
2 10 20
2 4 11
2 7 12
2 4 15
1 14 x
2 3 7
2 2 8
1 16 t
1 17 d
1 12 w
2 6 19
2 14 21
1 4 k
1 20 b
2 3 15
2 14 21
2 5 20
2 4 4
1 4 w
2 13 19
1 18 b
2 15 16
2 3 14
1 5 m
2 4 19
1 16 d
1 7 l
2 7 21
2 4 16
2 19 21
2 1 12
2 9 17
2 4 7
2 13 16
1 5 k
1 4 k
2 12 12
2 11 17
2 15 15
1 16 j
1 6 w
2 9 16
2 6 14
2 4 11
1 7 t
2 14 20
1 21 n
1 7 w
1 15 s
1 16 m
1 6 c
1 8 o
2 2 3
1 14 l
1 1 v
1 15 t
1 20 w
2 2 16
2 2 14
1 7 p
2 1 20
1 1 t
2 4 6
1 17 e
2 20 21
1 15 h
1 6 e
1 21 l
1 21 x
1 15 g
1 8 b
1 12 k
1 10 u
1 19 f
2 2 9
1 3 w
2 6 12
2 6 20
2 16 18
2 15 17
1 3 d
2 8 13
2 4 8
1 2 s
1 20 b
2 13 21
1 1 e
1 19 m
1 17 g
2 4 20
2 16 19
2 2 9
2 11 20
2 7 21
1 16 l
2 9 21
2 6 8
1 2 d
2 2 17
1 8 b
2 13 17
1 4 h
2 2 4
1 2 i
1 14 f
1 10 p
1 4 v
1 6 c
1 4 o
2 13 14
2 12 12
2 1 19
2 7 11
2 12 15
2 8 19
2 7 17
2 2 12
2 14 20
2 3 7
2 4 19
2 2 9
2 1 5
1 14 a
2 16 17
1 19 j
2 1 20
2 6 17
2 16 20
2 11 12
2 10 11
1 9 m
2 4 16
1 13 b
1 16 g
2 6 20
1 10 y
2 7 17
2 1 9
1 18 f
1 16 r
2 2 3
1 3 f
1 12 n
2 1 15
2 1 2
1 8 r
2 5 15
2 10 10
2 11 19
2 5 10
1 11 c
2 4 20
1 9 t
2 6 11
2 3 14
1 16 l
2 10 11
1 13 i
2 10 13
1 12 i
1 17 b
1 12 f
1 20 m
1 9 b
2 9 15
2 6 12
1 18 y
1 9 z
1 18 b
1 19 r
2 11 15
1 3 b
1 7 n
2 11 12
2 8 8
2 11 12
2 3 18
1 17 r
2 7 16
2 2 5
2 7 9
2 2 15
1 21 d
1 20 q
1 13 f
2 6 21
2 10 13
1 20 b
1 18 b
1 16 t
1 11 w
1 20 q
1 1 z
1 4 j
2 3 3
1 7 j
2 5 6
2 4 11
1 21 d
2 10 13
2 7 12
2 10 12
1 5 a
1 5 t
2 4 14
2 13 18
1 7 h
2 8 15
1 4 g
2 13 14
2 10 12
2 12 13
2 13 20
2 4 14
2 1 18
2 6 11
2 20 21
2 7 13
1 18 e
1 12 o
2 4 8
1 14 p
1 12 h
2 4 15
1 7 o
2 4 18
1 18 d
1 7 o
1 14 c
2 7 11
1 9 c
2 3 5
1 5 g
1 21 e
1 3 x
1 5 d
1 14 m
1 12 y
2 9 18
1 21 n
1 10 i
1 1 t
1 1 x
2 4 18
2 2 8
1 3 y
2 1 7
2 6 10
1 7 c
2 7 16
2 10 12
1 17 j
2 7 16
2 13 21
1 5 u
1 18 k
2 4 14
2 2 6
1 12 l
1 7 i
1 9 o
2 3 11
2 4 18
2 6 10
1 3 r
1 20 t
2 9 17
1 15 w
2 3 10
2 8 18
1 1 q
2 5 13
1 1 h
1 4 x
2 4 15
2 2 15
1 14 r
2 2 9
2 11 16
1 15 p
1 12 g
2 9 21
1 15 v
1 13 s
2 9 16
2 10 17
2 10 18
1 15 o
2 1 9
2 3 8
2 8 17
2 15 18
1 6 d
2 4 10
2 5 11
1 21 d
1 9 y
1 14 h
2 1 13
1 9 l
2 13 20
2 6 10
2 13 15
1 1 t
1 19 u
2 2 8
1 9 c
2 15 19
1 6 l
1 20 i
2 5 6
1 19 d
2 2 16
1 13 p
2 5 13
1 7 t
2 16 18
1 11 f
2 2 11
2 10 11
1 7 p
2 11 15
2 8 11
2 9 11
2 7 12
2 9 21
2 2 16
1 7 a
1 6 z
1 14 k
2 4 4
2 16 18
1 12 y
1 3 w
1 15 r
2 14 15
1 15 e
2 8 20
2 7 12
2 3 11
1 6 i
2 5 7
2 4 10
1 7 v
2 15 17
1 1 v
2 18 19
1 16 b
2 12 15
2 14 14
1 17 w
1 21 c
2 7 13
2 12 19
2 2 11
1 18 q
2 13 18
2 7 19
2 11 11
2 2 7
1 2 m
1 4 i
2 8 19
2 1 2
2 4 6
1 18 x
1 14 j
2 14 20
2 1 13
2 3 8
2 16 21
1 16 c
2 2 13
2 4 16
2 5 9
2 9 15
1 5 x
1 16 t
2 8 13
1 9 p
2 16 17
2 4 20
2 4 20
1 11 u
1 3 o
2 14 14
2 6 15
2 10 13
2 2 7
2 7 13
2 12 17
1 15 k
2 8 19
2 10 21
1 6 y
1 2 e
2 3 18
1 9 x
2 6 11
2 9 15
1 1 s
1 17 u
2 11 16
1 8 b
2 4 17
1 1 o
2 16 21
2 2 18
2 3 3
1 21 w
1 3 i
2 3 9
2 4 8
1 18 l
2 12 18
2 2 8
2 5 20
2 15 15
2 4 4
2 7 18
2 6 18
1 13 h
1 6 y
1 16 l
1 4 o
1 2 q
2 1 13
2 14 15
1 12 m
1 12 d
1 7 u
2 16 18
2 9 13
1 6 u
2 2 20
1 9 d
1 2 q
2 1 5
2 11 11
2 5 14
2 7 14
1 21 v
1 13 o
1 21 c
2 11 14
2 5 12
1 10 o
2 16 19
1 21 y
2 4 20
2 12 17
1 16 a
2 3 10
1 21 r
2 7 11
2 3 14
2 11 17
2 4 5
2 9 9
2 3 16
1 10 t
1 7 c
2 14 21
2 6 16
1 5 x
1 19 v
2 7 9
2 3 15
2 4 13
2 11 21
1 2 g
2 12 16
1 14 u
1 20 c
2 12 16
2 5 16
1 5 m
1 8 h
1 2 y
1 16 r
2 6 13
1 21 l
2 17 18
1 3 t
2 5 17
1 17 y
2 2 17
2 13 19
1 20 h
1 11 x
2 1 16
1 9 n
2 1 18
1 12 g
1 11 h
1 1 a
2 1 4
1 3 p
1 4 z
2 17 19
2 7 14
1 13 t
1 1 j
2 16 20
2 16 19
1 4 v
2 9 19
1 3 t
1 16 x
2 1 3
1 6 g
2 8 14
1 6 z
2 6 14
2 7 21
1 17 z
2 12 21
1 1 b
2 1 20
1 3 f
1 21 t
1 1 e
1 10 x
2 5 6
1 8 r
1 21 a
2 2 11
2 15 17
1 4 t
1 6 c
2 5 13
1 11 t
1 6 j
1 7 t
1 13 a
1 17 o
2 2 15
1 11 j
2 12 19
1 13 r
2 8 15
2 14 18
2 7 13
2 9 18
1 14 u
1 7 g
1 17 k
2 5 19
2 9 17
1 11 n
1 4 x
2 11 12
1 2 v
1 10 z
2 14 14
1 13 k
1 20 l
1 18 c
1 17 n
1 15 m
2 2 9
1 18 j
1 2 o
1 2 k
1 4 r
1 14 t
2 10 15
2 14 19
1 12 o
2 8 13
1 9 s
1 18 y
1 10 t
2 6 18
2 13 16
1 20 q
1 12 d
2 3 20
1 9 g
2 1 13
1 7 t
2 3 12
2 8 16
2 8 9
1 9 t
1 8 q
1 20 w
2 2 21
1 18 b
2 2 10
2 7 16
2 2 18
2 17 19
1 12 e
2 4 12
1 18 s
1 8 s
2 5 9
2 5 13
2 3 8
1 7 a
2 9 11
1 3 e
1 13 s
1 4 j
2 9 15
1 19 g
2 2 20
1 4 l
2 1 4
1 17 w
1 8 v
1 5 f
1 18 s
1 16 z
2 2 18
1 13 i
1 20 f
2 6 6
1 15 x
1 5 n
2 6 9
2 15 17
2 10 19
1 10 s
1 16 e
2 6 9
2 13 13
2 5 5
2 12 17
1 20 b
2 3 6
2 5 14
2 8 10
2 7 15
1 1 b
2 11 15
2 9 15
2 5 8
1 20 y
1 17 g
1 6 q
1 11 i
2 5 12
1 3 m
1 17 e
1 9 s
2 14 15
2 12 15
2 19 21
2 9 17
2 8 16
1 5 p
2 7 9
1 10 f
2 5 6
1 5 a
2 12 20
2 5 6
2 1 20
2 4 5
1 10 t
2 18 20
1 15 u
1 10 t
1 10 g
1 2 d
2 17 21
2 1 3
1 15 w
2 10 18
2 4 17
2 5 17
2 2 16
1 6 u
2 19 20
1 9 a
2 1 5
2 6 14
2 5 15
1 17 q
1 21 j
2 4 11
1 12 m
2 14 18
1 8 r
1 16 h
2 1 3
1 19 b
2 11 19
2 5 12
2 14 16
1 18 z
2 6 8
1 17 f
2 3 18
1 8 z
1 5 d
1 20 q
2 8 12
2 3 3
2 13 15
1 8 c
1 15 k
2 6 20
2 4 6
1 8 c
1 14 h
1 1 s
2 2 10
2 9 21
1 21 a
2 3 14
2 16 18
2 14 17
1 20 o
2 2 6
1 17 y
1 10 p
2 8 8
2 14 16
1 2 e
2 1 16
1 11 q
2 6 15
2 5 13
2 7 21
1 4 w
2 13 17
2 4 12
2 10 21
2 11 17
1 4 s
2 1 19
1 3 o
2 11 17
2 12 20
1 4 c
1 7 t
1 8 y
2 8 8
1 6 k
2 12 18
1 11 f
1 19 l
1 16 w
2 9 16
2 5 17
2 4 18
2 10 18
2 1 20
1 9 d
2 11 18
2 8 16
1 6 x
1 4 r
1 4 d
1 4 k
1 12 c
1 20 x
1 19 l
2 4 14
1 5 v
1 5 a
1 5 t
2 10 11
1 21 w
1 4 u
1 18 k
1 18 l
1 15 f
1 4 c
1 17 b
2 10 15
1 4 k
1 9 e
1 1 r
1 3 h
1 11 q
2 10 15
2 15 21
1 19 y
2 1 4
2 9 10
2 7 12
2 17 18
2 6 14
2 4 5
1 7 i
1 9 o
2 2 18
2 9 21
1 11 z
2 12 14
1 16 k
1 8 l
2 13 21
1 18 h
1 4 w
1 16 k
1 4 y
1 5 w
2 1 8
2 7 19
1 18 f
2 4 13
1 9 s
2 2 18
1 5 d
1 20 i
1 2 s
2 6 13
2 12 13
2 7 14
2 4 10
1 8 n
2 2 13
1 3 u
1 20 a
1 19 s
1 21 g
1 7 y
1 17 x
2 1 19
2 7 18
1 18 y
1 5 v
2 3 14
1 10 z
2 15 15
2 17 18
2 16 17
2 8 18
1 14 j
2 11 13
2 1 17
2 1 4
1 6 d
2 11 21
2 6 10
1 19 v
1 12 t
1 17 z
1 2 z
2 13 16
1 2 y
1 15 c
2 11 19
2 7 10
2 4 21
2 12 13
2 5 11
1 13 w
2 17 19
1 3 u
2 2 7
2 16 20
1 8 r
2 9 13
1 21 f
1 20 f
1 21 k
1 10 u
1 4 q
1 18 m
2 13 16
2 12 19
1 4 k
2 2 8
2 11 15
1 1 c
1 13 f
1 2 w
1 14 q
2 14 21
1 6 u
2 5 6
2 16 20
1 15 q
2 1 1
1 7 l
1 18 v
1 3 q
1 5 o
1 21 w
2 9 20
2 17 18
1 8 e
1 1 b
1 2 h
1 20 l
1 4 i
2 2 15
1 7 t
2 9 14
2 3 13
2 10 20
1 4 x
1 1 p
2 7 13
1 16 o
1 2 f
1 17 x
2 9 9
2 8 19
2 13 15
2 1 15
1 20 p
2 16 18
1 14 o
2 8 15
1 9 e
2 4 13
2 4 6
2 11 13
2 9 12
1 20 a
1 20 t
1 7 x
1 18 d
2 2 11
2 4 6
2 4 7
2 5 18
2 2 17
2 2 3
1 10 s
1 18 b
1 13 b
1 2 n
1 14 z
2 5 9
2 1 13
2 2 17
2 12 19
1 10 k
1 10 q
1 6 i
1 13 i
1 20 w
1 4 q
2 11 15
2 10 11
2 3 19
1 6 h
2 5 19
1 3 l
1 19 b
1 3 f
2 1 13
1 4 y
2 12 13
2 10 19
2 1 14
2 3 13
2 10 11
2 7 9
2 9 14
1 19 h
2 1 3
2 4 21
1 10 c
2 1 18
1 14 k
2 11 20
1 13 i
1 5 o
2 12 16
2 11 18
2 8 18
2 2 9
1 9 j
1 6 b
2 9 10
2 12 17
2 7 12
2 4 16
2 6 14
2 2 16
2 18 20
1 20 x
1 16 g
2 10 12
1 14 q
1 8 t
1 2 o
1 17 u
2 20 20
1 15 r
2 5 20
1 11 q
1 16 f
1 4 m
2 1 5
2 10 15
2 5 9
1 10 g
2 5 15
2 4 5
1 18 r
1 21 p
1 3 f
2 11 11
1 17 a
1 11 r
1 13 g
1 18 m
1 1 j
1 6 f
1 9 e
2 4 12
2 7 21
1 16 p
1 7 n
2 2 20
1 11 b
2 1 13
1 14 v
1 5 r
2 19 21
1 7 j
1 10 r
2 6 7
2 16 17
2 14 19
1 11 g
2 14 19
1 8 v
2 10 20
1 3 k
1 17 b
2 3 12
1 8 p
1 9 i
1 11 o
1 6 m
2 7 9
2 1 12
1 13 j
1 14 q
2 4 10
2 15 21
2 7 14
1 12 p
2 1 16
1 2 v
2 1 14
2 2 21
2 2 9
1 12 b
1 11 f
1 8 s
1 9 c
1 21 w
1 14 k
2 4 18
2 4 16
2 4 21
1 9 w
2 2 7
1 1 t
1 6 i
1 5 y
1 17 o
1 4 d
1 4 j
1 14 m
1 15 i
2 4 4
2 6 14
1 8 g
1 3 g
1 14 u
2 10 20
2 14 15
2 4 6
1 9 y
1 19 c
2 4 6
1 7 w
1 19 t
2 9 10
2 3 6
2 14 16
1 1 z
2 11 11
1 14 k
1 20 n
1 18 y
1 19 d
1 16 q
2 1 7
2 8 11
2 1 17
1 7 i
1 4 f
1 16 j
1 19 q
1 18 p
2 2 18
1 6 a
1 1 i
1 21 f
2 19 20
1 1 h
2 18 20
2 2 3
2 15 17
2 1 14
1 13 h
2 11 19
2 16 17
1 21 i
2 4 11
2 4 14
2 11 18
1 7 k
1 7 i
1 8 y
2 8 17
2 8 19
1 19 k
1 6 q
2 12 21
1 11 i
1 1 b
1 14 o
2 11 14
1 13 o
1 21 l
1 12 l
2 8 8
2 8 9
1 7 s
1 16 j
2 6 17
2 10 15
2 17 20
1 3 o
1 8 q
1 6 g
1 19 l
2 4 21
1 8 l
2 8 9
2 2 6
2 10 16
2 6 15
2 16 16
1 11 s
1 7 u
1 5 m
2 2 6
2 13 16
2 4 16
2 3 21
2 17 21
2 4 8
1 6 t
1 15 h
2 2 18
2 4 5
1 3 p
1 17 v
1 6 v
1 2 o
1 18 q
1 3 i
2 6 18
1 6 d
2 12 14
1 20 v
1 7 i
1 19 o
2 13 14
2 5 19
1 16 r
1 15 c
2 10 14
1 20 h
1 9 j
2 7 15
1 7 q
2 2 7
1 9 n
1 17 j
2 12 17
2 10 21
1 4 x
1 7 k
1 7 d
1 11 y
1 17 o
1 8 f
1 18 b
2 2 12
2 1 1
1 21 e
1 4 q
2 1 17
2 17 17
1 4 m
1 19 l
2 3 14
1 4 t
1 15 z
2 3 19
1 11 p
1 12 j
1 16 q
2 1 11
2 3 15
2 3 19
2 10 15
2 1 8
1 3 d
1 18 m
1 4 e
1 1 c
1 3 d
1 4 r
1 21 e
1 5 w
2 5 8
2 8 12
2 9 17
1 17 k
2 9 15
1 11 a
1 14 r
1 6 i
2 7 14
1 7 q
2 4 18
1 19 r
1 20 u
1 1 t
1 3 k
1 4 e
2 4 17
2 9 13
2 13 15
2 1 20
1 7 s
1 14 v
2 9 12
1 15 r
2 4 11
1 3 v
2 10 21
1 12 f
2 2 16
2 13 18
1 20 r
1 6 d
2 2 16
1 14 d
1 2 i
1 21 x
1 8 u
2 1 13
1 3 t
2 1 18
1 4 u
1 21 f
1 15 n
2 4 6
1 5 h
1 11 t
2 7 8
1 18 p
2 5 18
1 13 f
2 10 19
2 9 18
2 4 21
1 2 s
1 11 m
2 11 14
1 20 u
2 6 16
2 7 11
1 5 t
1 17 q
2 6 13
2 7 7
2 5 7
2 4 5
1 15 w
1 12 l
2 8 13
2 1 10
1 14 s
1 11 o
2 2 18
1 3 z
2 7 8
1 16 a
2 1 12
2 15 21
2 8 15
1 12 z
1 12 b
1 1 k
1 11 j
2 2 15
2 16 16
2 5 5
1 4 o
1 18 h
1 5 i
1 7 o
2 15 17
2 3 14
2 5 11
2 9 17
2 5 16
2 13 20
2 14 14
1 3 c
1 17 z
1 16 k
1 10 p
1 10 l
1 5 d
1 9 z
2 9 21
1 5 a
1 16 k
2 5 7
2 7 8
1 18 w
2 4 4
2 1 3
2 3 7
1 7 w
2 4 12
1 9 q
1 1 w
2 9 12
1 20 d
1 12 h
1 1 s
2 2 6
1 13 h
1 4 r
2 2 20
2 8 13
1 11 f
1 21 j
1 13 i
1 14 z
1 12 h
1 6 x
2 3 13
2 8 10
2 2 19
2 6 11
2 5 21
2 11 17
1 6 f
1 14 v
1 3 x
1 11 i
2 9 21
1 12 y
2 1 2
1 8 r
2 4 13
1 16 j
1 15 p
2 7 21
1 10 g
1 13 l
1 18 n
1 19 w
2 7 19
1 5 j
2 3 18
2 5 12
1 13 a
1 20 r
2 8 17
2 1 13
1 2 e
1 16 x
1 18 l
1 13 r
1 5 a
2 4 7
2 8 12
2 9 18
2 1 9
2 5 16
1 13 c
2 1 8
1 6 d
1 10 w
1 20 a
2 1 5
1 21 k
1 15 l
2 4 5
2 10 15
1 3 q
1 21 k
1 3 m
2 7 10
1 3 s
2 9 21
1 10 d
2 6 11
1 9 y
1 5 j
2 13 15
2 1 3
2 4 18
2 8 11
1 7 u
2 2 17
1 5 p
2 9 9
2 15 16
1 13 h
1 4 z
1 10 o
2 5 7
2 4 19
1 4 n
1 7 b
2 1 13
2 13 14
2 5 9
2 8 18
1 6 c
1 17 q
1 12 l
2 5 10
1 8 q
1 7 h
2 17 20
1 13 l
1 2 d
2 7 14
1 1 c
2 1 21
1 17 x
2 18 19
1 11 i
1 20 e
2 6 16
1 7 t
2 4 10
1 9 y
2 13 16
2 7 12
2 2 5
2 10 17
1 16 b
2 13 16
2 12 21
1 3 p
1 2 h
1 13 i
2 9 13
2 16 20
1 19 a
1 13 c
1 13 v
1 20 v
2 7 21
1 19 j
1 20 y
2 1 5
2 8 14
1 10 y
1 15 m
2 12 13
1 21 b
1 2 y
2 5 17
2 2 4
1 2 z
1 9 y
2 8 11
1 8 p
2 2 11
2 7 18
1 17 m
1 17 y
1 14 x
2 11 17
1 14 z
1 12 n
1 10 n
2 11 14
1 16 r
1 6 o
2 15 21
1 16 b
1 11 t
2 4 13
1 20 x
1 4 p
2 8 17
1 5 n
1 15 g
2 10 10
1 1 l
2 2 17
1 18 x
2 13 13
1 19 b
1 15 j
1 4 y
2 17 18
1 10 g
2 4 7
1 7 g
1 10 d
2 10 19
2 1 12
2 1 16
2 1 12
1 20 w
2 4 18
1 1 u
2 2 3
2 9 10
1 10 x
1 14 y
2 13 21
2 8 9
1 14 l
2 3 6
2 11 18
1 10 k
2 11 21
2 17 21
2 1 16
1 10 p
2 9 11
2 7 17
1 14 s
1 5 k
1 10 d
2 12 14
2 10 15
2 11 11
1 21 u
1 20 w
1 19 y
1 13 s
2 2 13
2 9 12
2 7 20
2 2 8
1 8 w
2 3 8
1 19 m
2 3 13
1 13 h
2 7 13
2 18 21
1 10 g
2 10 12
1 9 w
2 3 21
1 6 q
1 18 g
1 11 s
2 7 8
1 1 i
2 5 7
2 1 2
2 3 15
1 1 l
1 12 v
2 6 8
2 1 3
2 6 14
2 7 20
2 3 10
1 13 d
2 4 6
1 14 q
2 17 18
2 1 2
2 9 20
2 8 14
1 2 s
2 14 18
1 17 h
2 6 20
1 3 o
1 3 c
2 9 21
1 8 g
1 14 e
1 14 t
2 9 21
2 1 10
2 10 11
1 7 v
2 11 20
2 20 20
2 7 21
2 10 13
1 4 n
1 19 q
2 8 8
1 20 t
1 16 u
1 8 x
1 15 k
2 16 18
2 3 9
1 2 q
1 8 v
2 7 16
2 11 12
1 15 g
1 18 x
1 8 i
1 7 i
2 10 11
2 10 11
2 5 11
2 5 17
2 17 19
1 4 b
1 11 j
1 6 y
2 8 19
1 5 y
2 7 11
2 3 15
2 12 21
2 3 6
1 17 e
1 4 g
1 1 q
1 16 o
1 7 n
2 9 11
2 1 21
1 13 a
2 16 21
1 12 m
1 19 v
1 18 w
1 3 s
1 16 r
1 8 q
2 6 12
2 7 14
2 5 21
2 5 18
1 6 h
2 12 13
1 15 e
2 7 14
1 10 y
1 9 d
1 15 h
2 8 17
2 1 17
1 2 n
1 13 o
2 14 18
2 8 15
2 6 13
2 14 17
2 11 13
1 19 g
1 14 o
2 14 20
1 20 m
2 9 13
1 21 k
1 6 s
2 8 20
2 2 19
1 21 d
1 3 f
2 12 20
1 5 l
2 20 21
1 21 k
1 11 i
2 12 16
1 2 w
1 20 z
1 16 b
1 1 q
2 13 15
2 8 19
2 6 16
2 7 13
1 6 h
2 2 2
1 6 x
1 11 x
2 13 17
1 1 w
1 2 z
2 7 12
1 15 y
1 9 h
2 9 18
1 12 c
2 9 19
1 20 f
2 8 12
1 21 r
1 3 h
2 5 16
1 4 a
1 16 y
2 1 14
1 13 f
1 4 c
2 5 17
1 15 a
1 11 h
1 9 i
2 4 10
2 17 20
2 7 7
2 7 8
1 15 e
2 7 9
2 5 8
1 19 p
2 16 18
1 12 h
2 15 16
2 8 13
1 8 y
1 11 m
1 15 g
2 2 8
1 3 q
2 2 5
2 6 7
2 13 20
1 20 j
1 18 h
1 19 o
1 14 e
2 9 21
2 6 19
2 3 21
2 15 20
1 15 v
1 8 u
2 19 20
1 11 t
2 7 12
2 12 18
2 6 17
1 11 i
2 2 18
2 7 20
1 21 l
1 4 b
1 14 m
1 14 k
1 6 t
1 19 a
2 9 14
1 12 f
1 9 b
1 10 x
2 1 3
1 16 k
2 6 9
2 11 21
2 10 16
1 18 b
2 2 18
2 10 16
2 1 13
2 7 11
1 14 h
1 18 f
1 7 p
1 20 m
2 3 5
2 8 11
2 4 19
1 5 n
1 7 a
1 1 z
1 4 b
2 4 17
2 16 17
1 7 b
2 13 15
1 7 z
2 5 19
1 19 q
1 16 u
1 2 j
1 4 o
2 4 11
2 2 17
1 5 y
1 13 j
2 10 19
2 6 7
1 6 z
2 5 6
2 6 20
2 16 19
2 9 14
1 6 d
2 6 13
1 5 q
2 3 21
1 18 g
2 3 12
1 15 b
1 19 b
1 6 t
1 6 s
2 11 12
1 18 k
2 15 21
1 6 h
2 9 20
1 6 f
1 12 x
1 8 u
2 3 8
1 10 e
1 18 f
2 3 11
1 16 q
1 12 u
2 10 18
1 17 k
2 2 10
1 3 g
2 6 21
2 10 18
1 13 g
2 3 19
2 8 15
1 6 k
2 7 14
1 7 b
2 16 19
1 4 o
1 2 m
2 5 8
2 2 7
2 9 13
1 13 d
1 7 e
1 18 k
2 19 20
2 6 18
1 21 m
2 6 18
2 2 16
1 20 z
2 13 14
1 9 v
1 13 x
2 16 17
2 2 6
2 10 17
2 16 16
1 19 f
1 9 d
1 13 q
1 11 p
1 5 f
2 12 14
2 3 18
2 5 21
2 6 10
1 16 p
2 7 15
2 1 7
2 7 7
2 6 7
1 14 l
2 1 3
2 3 10
2 9 18
1 1 u
1 2 d
1 1 z
1 4 c
1 8 e
1 3 v
2 8 17
2 13 15
1 17 q
1 19 e
2 4 14
2 10 16
1 4 w
1 13 d
1 16 a
2 8 16
2 4 13
1 19 j
2 6 19
1 13 j
1 3 g
1 12 f
2 14 19
1 10 u
1 1 c
2 14 14
1 21 b
2 7 11
2 6 21
1 14 y
1 3 x
1 15 e
2 7 14
1 17 q
2 15 16
1 21 c
1 8 i
1 21 f
2 14 18
1 16 e
1 6 f
2 15 18
1 18 o
1 10 n
2 8 17
2 7 19
2 16 17
2 3 15
2 18 21
2 11 12
2 12 18
1 18 u
2 2 16
2 16 19
2 8 17
2 11 16
1 7 n
1 13 o
1 20 f
1 9 s
1 11 h
2 1 16
1 3 f
1 3 u
1 4 d
2 11 18
2 9 19
1 1 h
1 11 k
1 16 k
2 6 15
2 11 20
2 1 7
1 6 y
2 8 21
2 17 21
1 10 l
1 15 t
1 12 x
2 13 17
2 2 11
1 6 b
2 15 19
2 7 9
2 10 19
2 5 20
2 2 6
1 17 z
1 21 d
1 9 r
2 7 19
1 7 h
2 9 21
1 1 y
2 9 15
2 13 18
1 10 d
2 7 17
2 5 14
2 17 20
1 19 b
1 18 s
2 14 17
2 8 19
2 4 15
1 15 n
1 10 c
2 7 13
2 2 9
2 6 7
1 4 p
1 14 f
2 5 17
1 1 e
1 3 r
1 4 h
1 9 t
1 15 o
1 8 n
2 10 20
2 17 18
1 20 o
2 2 12
1 17 y
1 20 l
1 16 e
1 3 o
2 10 21
2 2 11
1 15 q
2 9 12
2 14 21
1 6 p
1 4 v
2 3 8
1 7 g
2 5 12
1 17 x
2 9 17
1 20 h
1 8 e
1 16 v
2 6 17
1 15 r
2 10 16
2 13 14
2 17 18
1 15 w
2 1 5
2 6 15
2 8 15
1 13 r
2 10 20
2 11 18
2 9 10
2 8 13
2 3 20
1 4 m
1 16 y
2 5 5
1 20 m
2 5 9
1 18 s
2 15 19
2 8 15
2 16 17
1 14 a
2 3 15
1 14 d
1 20 d
1 5 s
1 17 f
2 11 17
1 21 b
2 5 21
2 6 13
1 16 s
2 8 10
1 9 j
2 12 21
2 13 14
1 7 h
2 1 3
1 9 s
2 2 6
2 5 17
1 15 d
2 9 20
2 3 13
2 8 19
2 7 19
1 6 n
2 1 2
2 16 16
1 6 r
1 6 d
1 9 f
1 9 j
1 13 g
2 14 17
1 6 w
1 1 x
2 1 1
1 21 x
1 19 v
2 14 17
2 7 18
2 15 21
2 8 10
2 13 16
2 3 4
2 15 21
1 3 v
2 3 17
1 6 z
1 6 d
2 4 14
2 18 20
1 14 f
1 20 c
1 12 z
1 20 x
2 4 21
1 16 w
1 9 s
1 11 s
2 2 15
1 4 e
2 8 8
2 4 7
1 5 p
2 7 19
2 7 11
2 9 20
1 19 y
2 7 15
1 13 u
2 7 11
1 16 b
2 15 15
1 3 i
1 10 u
2 2 5
2 7 10
1 13 v
1 3 p
1 21 h
1 7 j
2 3 19
2 8 19
2 1 13
1 6 p
2 4 18
1 14 q
1 13 i
2 12 12
1 9 u
2 6 18
1 19 n
2 7 11
1 11 k
1 19 c
2 7 7
1 4 g
2 5 6
2 15 15
1 20 q
2 6 21
2 10 19
2 14 14
1 19 g
1 21 y
2 19 21
1 18 a
1 19 q
1 19 d
2 8 10
2 4 19
2 2 6
1 14 v
1 9 o
2 6 14
1 3 b
1 11 b
2 3 5
1 20 j
2 2 4
1 2 p
1 7 g
1 11 w
1 17 q
1 20 o
1 3 g
1 6 y
2 1 10
2 2 16
2 2 9
2 13 17
2 3 12
1 12 g
2 10 15
1 11 s
2 14 19
2 4 6
2 14 16
2 5 12
2 16 18
1 9 a
1 1 c
1 9 w
1 9 a
2 8 15
2 3 18
1 10 t
1 16 r
2 16 18
1 13 o
1 13 z
2 9 15
1 21 b
2 9 13
2 4 15
2 1 11
1 15 f
1 9 k
1 20 n
1 13 x
1 20 u
1 19 i
1 12 s
1 21 n
2 4 21
2 10 13
1 17 m
1 6 h
1 20 n
2 9 11
1 6 b
2 3 18
1 3 m
1 2 e
1 18 k
1 21 j
2 12 12
1 1 t
2 8 19
2 6 21
2 12 20
1 18 a
1 15 a
1 19 a
2 2 16
2 11 18
1 10 z
2 4 20
2 20 20
1 7 k
1 4 d
2 1 13
1 13 l
2 2 12
1 2 b
2 15 15
2 3 6
1 5 h
1 5 t
1 13 d
2 3 17
2 3 13
1 7 l
1 8 d
1 11 y
2 16 17
2 14 16
2 5 16
2 14 18
2 6 16
1 13 b
2 7 20
2 13 18
1 7 u
2 4 12
2 5 13
2 18 19
1 17 r
2 9 13
2 5 12
2 2 12
1 9 a
1 17 q
2 2 14
2 7 17
1 17 j
2 14 19
1 8 q
1 3 x
1 9 l
1 6 h
2 1 14
2 11 13
2 12 20
2 2 8
1 14 a
1 20 n
1 12 v
1 13 l
1 2 w
1 19 j
2 5 14
2 9 15
2 1 8
2 3 18
2 6 14
2 1 13
2 15 16
2 10 13
1 7 v
1 10 v
1 11 y
1 8 h
2 6 13
2 4 16
1 14 n
2 1 15
2 16 20
2 9 14
2 3 17
1 5 i
2 4 16
1 7 m
1 6 w
1 11 l
1 21 c
2 4 19
2 6 15
2 1 2
1 20 c
2 8 9
2 21 21
1 5 p
2 7 10
2 15 21
1 7 z
2 12 13
2 15 17
2 2 13
1 16 t
1 1 k
1 16 s
1 5 g
1 19 h
2 8 20
1 12 g
1 17 m
1 8 b
2 2 4
2 1 4
2 9 18
1 20 u
1 3 q
1 17 r
2 10 12
2 10 21
2 2 3
1 18 c
2 9 10
1 14 y
1 17 x
2 7 21
1 8 a
1 18 o
2 11 14
2 4 12
2 11 14
1 21 f
2 1 12
1 15 k
1 9 t
1 5 p
1 5 j
2 9 19
2 14 21
1 4 j
2 1 14
2 13 21
2 9 17
1 17 m
1 2 e
1 4 l
1 8 d
2 10 15
2 8 14
1 11 p
1 11 g
1 18 p
1 3 h
1 4 l
2 1 14
1 18 n
1 4 w
2 3 7
2 14 21
1 12 d
1 14 g
2 8 19
1 9 z
2 14 18
2 2 18
2 6 17
1 10 x
2 11 16
1 1 z
2 9 17
1 17 a
1 7 r
2 4 7
1 8 d
1 17 j
1 2 v
1 18 k
2 13 18
2 12 21
2 6 19
2 15 16
2 9 15
1 19 o
1 16 s
2 2 11
2 3 8
1 8 k
1 1 d
1 6 y
1 8 u
1 17 f
1 20 s
1 10 d
1 19 u
2 7 19
1 9 j
2 9 13
1 5 n
2 4 6
1 7 z
1 1 w
2 2 7
2 2 16
1 11 u
2 1 5
1 3 q
1 9 b
2 3 3
1 14 n
2 11 13
1 15 l
1 20 a
1 5 u
1 20 b
2 14 20
1 6 k
1 20 b
2 11 17
2 2 2
1 3 v
2 7 9
2 2 13
2 20 21
2 3 3
2 15 16
2 5 12
2 9 14
1 17 v
1 11 m
2 6 12
1 10 n
1 19 z
1 3 a
2 13 18
1 20 w
2 6 14
2 8 19
1 16 j
1 17 h
1 18 d
2 7 19
1 2 b
2 2 11
1 6 y
2 8 15
2 1 3
2 5 15
1 18 j
2 10 15
1 12 p
2 3 13
1 14 u
1 3 c
2 2 11
2 1 16
1 1 u
2 13 16
2 4 20
2 17 20
2 3 16
1 21 o
1 12 p
1 17 s
1 15 p
2 12 20
2 3 5
1 10 c
1 12 m
1 15 w
1 9 s
1 12 l
1 4 l
1 12 d
1 1 a
2 5 13
1 10 c
2 1 14
1 12 c
1 17 y
1 18 v
1 9 f
2 3 6
2 2 4
2 6 14
2 10 21
1 3 r
1 21 i
1 21 o
2 7 14
2 9 9
2 1 16
2 2 7
1 8 g
2 5 15
2 3 15
1 20 g
1 1 d
2 14 19
1 13 s
2 6 16
1 17 f
1 15 w
2 18 21
1 5 o
1 20 d
2 13 14
1 17 y
2 5 14
1 8 i
2 18 20
2 9 19
2 10 13
1 15 j
2 11 11
1 4 h
2 10 13
2 12 14
2 1 2
2 11 18
1 5 c
1 3 k
1 6 u
1 3 u
2 4 6
1 17 v
1 17 i
2 8 8
1 1 m
2 3 18
2 14 17
2 11 16
1 14 y
1 20 a
2 5 18
2 6 16
2 4 17
1 2 c
1 4 a
2 9 15
2 10 15
1 10 z
1 18 k
2 4 18
1 1 g
2 2 13
1 10 w
2 2 18
2 12 18
1 18 j
2 10 19
1 15 z
1 12 y
1 2 x
2 8 14
1 14 t
1 10 f
1 1 z
1 3 h
2 10 13
2 5 21
1 2 d
2 14 20
2 11 14
2 7 18
2 5 16
1 10 m
1 5 h
1 11 t
1 18 h
1 14 i
2 4 19
2 17 18
1 14 o
2 2 8
1 2 o
2 5 18
1 5 o
1 1 i
1 4 e
1 21 v
1 14 s
1 6 b
2 3 18
2 7 17
2 13 21
1 13 s
2 8 15
1 19 h
1 6 y
2 8 10
2 8 21
2 4 6
1 8 k
1 12 i
1 21 v
1 20 e
2 15 15
2 7 14
2 3 15
2 10 15
2 16 17
2 4 5
1 21 k
1 1 t
1 5 f
2 2 2
1 10 c
1 15 x
1 12 x
1 21 f
2 7 12
1 18 k
1 10 l
1 12 f
1 14 r
2 8 19
1 11 k
1 4 g
1 20 r
2 11 14
1 7 p
1 3 o
2 11 11
2 5 5
1 16 a
1 6 c
1 21 y
2 9 16
1 11 d
1 20 p
2 2 10
1 14 o
2 8 21
1 11 g
1 16 h
1 12 t
2 20 21
1 8 r
1 20 h
1 18 o
2 1 19
2 10 18
2 3 7
2 6 20
2 2 19
2 4 17
2 7 21
1 9 t
2 6 15
2 6 20
1 6 h
1 8 l
1 15 z
1 15 p
2 11 11
2 17 17
1 18 z
2 5 20
1 21 d
2 2 12
2 10 12
1 3 e
1 11 g
1 12 y
2 11 17
1 1 c
2 7 11
2 1 7
1 7 r
1 19 v
2 6 14
1 5 i
2 13 16
2 6 7
2 4 14
1 2 i
2 7 17
1 12 u
1 5 s
2 5 11
1 21 n
2 13 21
2 2 7
2 8 17
2 2 5
2 4 9
2 12 15
2 11 12
1 1 d
1 6 z
2 11 12
1 4 k
1 4 a
1 18 j
1 19 a
2 6 16
2 6 16
2 4 6
1 14 n
2 6 16
2 9 13
1 19 s
2 1 16
1 9 b
1 16 z
1 12 m
2 9 21
2 7 20
2 1 9
1 11 o
1 8 m
2 10 16
2 12 17
2 1 14
2 14 17
2 4 16
2 1 13
2 9 18
2 3 11
2 9 21
2 12 15
1 10 j
2 8 16
1 10 e
2 5 10
1 4 s
1 3 y
1 7 c
2 10 18
2 5 18
1 18 o
2 15 19
1 4 c
2 7 8
2 9 18
1 15 z
2 12 19
2 5 21
2 6 15
1 20 n
2 8 21
2 12 14
2 14 21
1 15 t
1 10 g
1 13 v
2 6 7
2 4 11
2 14 17
2 8 10
1 9 f
2 7 16
1 14 y
2 10 13
2 2 18
1 2 w
1 17 b
1 11 o
2 12 20
1 9 m
1 11 d
2 5 7
1 17 c
1 15 i
1 3 v
2 10 10
2 12 16
2 8 19
2 1 17
1 21 k
1 18 f
2 16 18
2 1 6
1 18 a
1 19 w
2 9 18
2 4 13
1 1 k
1 17 h
2 2 10
2 13 21
1 2 f
2 10 20
2 11 20
2 2 2
1 13 g
2 13 14
2 14 19
2 12 16
2 9 15
2 3 7
2 16 19
2 12 13
2 14 20
1 13 b
1 9 q
1 14 w
1 10 u
2 5 13
1 6 e
1 6 t
1 1 t
2 12 21
1 11 d
1 14 m
2 8 15
2 14 17
1 4 a
2 8 9
2 12 15
1 15 y
2 15 19
2 9 14
1 16 j
1 12 i
1 21 j
1 9 g
1 19 a
2 14 19
2 7 20
1 19 s
1 10 q
1 10 o
2 1 21
2 3 14
2 5 7
1 18 k
1 21 d
1 19 r
2 12 15
2 10 16
2 4 6
2 9 20
1 4 r
1 3 h
2 2 12
2 5 6
1 2 l
2 5 19
2 1 12
2 4 11
1 17 k
2 3 20
1 5 s
2 2 11
2 6 16
2 6 18
1 16 p
1 9 f
2 12 18
2 2 12
1 17 q
1 16 n
2 2 7
2 2 13
2 12 19
1 1 n
2 11 12
2 10 10
2 15 19
1 4 u
2 15 19
2 19 21
1 12 l
2 7 19
2 13 16
2 3 3
2 12 18
1 6 m
2 16 21
2 5 15
1 4 k
2 7 14
1 20 i
1 12 e
2 3 21
2 8 14
1 9 t
2 7 11
1 4 p
1 5 b
2 11 13
2 3 3
2 8 18
2 14 21
1 14 j
2 6 8
1 17 k
1 18 l
2 1 17
2 19 21
2 2 19
2 8 13
1 8 i
2 6 19
1 16 k
1 4 q
1 3 d
2 5 5
1 13 c
2 3 11
1 3 q
1 15 g
2 7 11
2 15 20
2 8 12
1 16 f
2 4 8
2 3 9
2 5 8
1 18 m
1 19 v
2 11 14
1 12 v
2 2 13
2 3 4
1 7 l
1 5 e
1 4 p
1 8 j
2 15 17
2 2 5
2 3 14
1 11 h
1 19 c
2 6 15
1 17 d
1 6 c
1 17 x
1 20 n
1 14 p
2 8 10
1 14 k
2 8 16
2 12 19
1 11 p
1 7 v
2 7 19
2 10 21
2 4 7
1 8 n
1 7 m
2 20 20
1 6 v
1 3 q
2 18 21
1 11 a
1 5 p
1 18 k
1 3 n
1 7 d
2 13 20
1 2 a
1 11 b
2 1 17
1 11 o
2 7 13
1 10 o
1 2 e
1 21 r
1 14 r
1 10 g
2 16 18
2 6 17
2 6 13
2 5 6
2 20 20
1 17 n
1 17 p
2 2 6
1 18 u
1 8 d
1 16 m
2 2 18
2 9 20
1 7 b
1 16 g
2 13 19
1 15 o
2 3 17
2 2 3
1 14 s
1 10 b
1 3 u
1 21 e
1 10 e
1 6 o
1 7 j
1 8 f
2 4 6
2 5 11
1 13 x
1 4 p
1 21 o
2 5 18
1 18 w
1 4 y
1 20 y
1 19 m
2 4 15
1 10 w
1 2 j
2 11 20
2 3 20
1 3 h
1 18 h
1 8 u
1 8 y
1 12 j
1 13 g
1 5 v
1 18 j
2 11 17
1 2 u
2 4 14
2 10 16
2 7 13
1 2 a
2 17 20
2 2 18
1 4 c
2 6 16
1 15 j
2 3 9
1 9 v
1 16 s
1 13 e
1 19 q
1 5 l
2 7 9
2 2 19
2 6 8
2 4 21
1 19 s
1 19 w
1 8 l
1 9 s
2 3 18
1 10 r
1 10 i
1 12 t
2 3 4
1 15 y
2 6 16
2 7 8
2 10 14
2 8 12
2 15 19
1 1 t
2 3 11
2 8 16
2 7 10
1 17 c
2 7 15
1 14 e
1 19 m
1 6 p
2 1 20
1 3 a
1 10 o
2 3 21
1 18 v
2 3 4
2 4 19
2 10 15
2 19 20
1 18 x
2 9 13
1 13 o
2 7 10
1 1 g
2 10 17
2 8 14
1 18 u
1 2 s
2 10 13
1 21 q
1 19 a
1 14 x
2 5 9
2 1 16
2 9 20
2 10 12
2 19 19
2 3 8
1 11 p
2 1 3
1 14 c
1 14 q
1 2 p
1 8 i
1 9 s
2 1 18
2 5 16
1 10 g
1 15 v
1 21 t
1 18 k
1 19 w
2 2 19
1 17 y
1 3 e
1 10 q
2 16 17
2 11 19
2 5 17
2 5 16
2 5 17
1 1 d
2 2 13
2 4 5
1 8 h
1 21 v
1 3 j
1 15 y
2 10 13
1 14 x
1 8 y
1 8 d
1 7 r
1 17 f
2 12 20
2 5 7
1 13 b
2 5 19
1 21 r
1 21 w
1 12 h
2 5 20
1 1 n
1 20 p
2 7 16
1 12 g
2 5 20
2 9 10
2 6 17
1 4 y
2 4 5
1 6 p
2 5 15
2 6 13
1 6 r
2 6 18
2 9 11
1 14 a
1 16 g
1 10 j
2 2 17
1 8 z
2 1 9
2 1 19
2 15 21
2 16 19
1 10 n
2 18 20
1 2 d
1 11 e
2 12 17
2 9 16
1 11 o
2 6 18
2 8 13
1 18 o
2 13 14
1 12 g
2 4 16
1 21 b
1 6 g
2 19 20
2 3 19
1 15 n
2 4 20
2 3 17
1 10 f
1 18 f
2 8 20
1 6 t
1 11 w
1 19 x
2 5 12
1 20 h
2 1 10
1 6 s
1 19 q
2 1 12
1 19 v
1 6 i
1 15 r
1 18 z
1 12 o
1 12 z
1 21 o
1 3 a
1 8 s
2 6 20
2 8 13
2 3 19
1 2 k
1 21 k
1 9 s
2 5 15
1 16 w
2 7 17
1 6 z
2 18 21
1 3 p
1 13 y
2 4 13
2 3 16
2 1 10
2 4 6
2 5 16
1 3 v
2 1 6
1 4 w
2 15 19
2 7 8
2 13 13
2 2 7
1 8 z
2 6 8
1 20 w
1 17 k
1 1 f
1 13 y
2 1 16
1 12 p
1 20 n
2 18 21
1 21 j
1 21 c
2 3 11
1 14 t
1 2 c
2 18 21
2 6 8
1 16 d
1 12 q
1 15 c
2 7 18
2 4 7
1 1 p
2 16 19
2 16 18
1 8 n
1 11 f
1 14 k
1 8 b
1 5 b
1 19 o
2 5 18
2 2 21
1 5 x
2 7 9
2 2 13
1 9 m
1 17 r
1 17 a
1 21 y
2 4 18
1 13 x
1 19 k
2 17 19
2 8 13
1 15 q
2 3 17
1 4 n
2 15 19
2 3 16
1 17 o
2 6 10
2 15 21
1 17 g
2 5 20
1 15 k
1 19 f
2 6 19
1 9 o
2 12 15
1 10 l
1 13 r
1 12 s
1 15 f
2 3 10
1 10 y
1 11 q
1 15 s
1 19 a
2 6 21
1 14 a
1 7 n
1 18 l
2 9 12
2 2 7
1 12 w
2 11 13
1 16 p
2 8 10
2 5 17
2 7 13
1 1 z
2 8 20
2 8 19
1 14 t
1 6 k
1 12 j
2 9 19
1 3 d
1 19 v
2 15 16
1 8 m
1 4 q
2 12 21
2 11 13
1 5 d
2 5 10
2 1 13
2 9 16
1 9 k
1 6 n
2 8 9
1 16 l
2 7 8
2 1 3
2 5 7
2 13 21
2 15 19
1 18 t
2 3 7
2 2 8
2 7 17
1 11 e
2 3 18
1 9 u
1 19 y
1 12 l
1 17 y
1 7 y
1 13 e
1 10 z
2 7 11
1 11 b
1 17 k
1 12 e
2 19 20
2 8 15
1 7 a
1 9 p
1 16 s
1 7 x
2 6 18
2 6 16
1 3 s
1 5 g
1 8 h
2 4 17
1 15 v
1 17 a
1 5 t
1 4 l
2 16 19
1 13 d
1 18 m
2 1 11
2 4 16
2 12 21
2 1 13
1 19 w
2 8 12
2 8 9
2 3 12
1 10 h
1 15 g
1 1 g
1 3 w
2 7 8
2 4 15
2 5 19
2 1 21
1 20 q
2 1 12
2 2 4
2 4 16
2 5 16
2 3 14
1 9 n
2 3 5
2 1 19
2 15 17
1 10 a
1 5 o
1 21 z
1 3 x
1 15 x
2 8 9
1 1 k
1 19 o
1 1 z
2 2 21
2 12 15
2 3 14
1 6 h
1 6 n
1 1 x
1 5 k
2 14 20
1 18 b
2 8 13
1 9 b
1 19 c
2 1 15
2 5 10
1 15 d
1 13 x
1 20 w
1 20 w
1 19 k
2 12 13
2 10 16
2 13 21
2 2 5
1 3 l
2 8 17
2 6 20
2 6 16
1 11 x
1 14 m
1 4 x
2 1 19
1 10 v
1 2 s
2 6 20
2 1 13
2 9 19
2 3 10
2 6 20
1 1 y
1 5 u
2 5 11
1 21 m
1 9 d
1 11 w
1 3 s
1 10 o
1 17 m
2 14 18
2 2 3
2 12 15
2 16 21
1 10 s
1 11 h
2 2 9
1 14 p
2 13 18
1 10 r
2 11 21
2 5 15
1 12 v
2 6 7
2 16 17
2 6 14
1 16 z
1 15 n
1 19 f
2 7 17
2 13 13
1 19 b
1 8 t
1 3 a
2 5 15
2 14 16
2 2 10
1 13 a
2 6 17
2 4 8
2 12 16
1 4 b
2 2 21
2 3 4
2 11 20
1 9 u
1 12 q
1 15 q
1 9 d
1 10 v
1 17 t
1 3 e
1 1 f
1 4 k
1 20 v
1 4 d
2 4 17
1 15 t
1 10 q
1 7 r
2 3 8
2 4 16
2 2 6
1 21 a
1 4 j
1 5 c
1 2 b
1 4 i
2 19 19
2 3 11
1 6 i
2 8 16
1 8 n
1 21 b
1 10 q
1 14 x
1 5 w
2 3 7
1 19 i
1 12 r
2 10 21
2 17 19
2 5 18
2 9 16
2 13 14
1 9 t
1 9 i
2 18 21
2 6 19
1 21 u
1 20 y
2 8 16
2 6 7
1 12 q
1 20 p
2 13 21
2 8 16
2 16 16
1 7 h
2 3 14
1 12 j
2 6 6
1 12 l
1 17 r
2 13 21
1 1 a
2 11 17
2 11 11
2 9 11
1 17 e
2 19 20
2 10 19
1 17 d
1 18 q
1 20 b
2 6 10
1 9 u
1 12 e
1 4 q
1 3 f
1 3 v
1 20 h
2 19 19
2 3 6
1 18 v
2 4 9
2 8 21
1 7 a
2 4 11
1 21 g
1 17 l
2 10 19
1 11 u
1 5 h
2 1 8
1 10 m
1 8 r
1 6 a
1 20 x
2 19 21
1 16 i
1 19 o
1 17 n
2 10 14
2 13 20
1 11 o
1 21 z
2 10 18
2 8 14
2 6 19
1 8 t
1 17 b
1 2 c
1 16 l
1 3 u
1 20 d
1 13 f
2 8 14
2 8 17
1 18 i
1 15 i
2 5 20
2 6 17
1 18 a
1 5 q
2 9 18
2 2 2
1 9 d
2 8 18
1 15 s
2 6 16
1 5 c
2 6 11
1 3 q
2 4 6
1 14 s
2 13 16
2 4 19
2 2 12
1 4 h
1 19 m
2 15 15
2 1 17
2 7 18
2 10 13
1 12 m
2 1 3
2 1 2
1 12 o
1 15 c
1 1 z
2 4 14
2 1 5
1 15 x
2 3 15
2 14 20
2 14 17
1 16 p
2 7 9
1 14 a
2 4 5
1 13 i
1 13 f
1 9 m
2 13 15
1 7 j
2 12 15
2 5 14
1 8 v
1 4 u
1 4 b
1 14 r
2 3 11
1 20 w
2 8 20
1 4 s
1 13 k
1 16 k
1 3 h
2 14 17
2 1 2
1 1 x
2 4 6
2 10 11
2 1 18
1 15 d
1 12 d
1 4 n
2 3 9
2 15 17
1 1 o
2 5 13
1 17 s
2 8 13
2 11 13
2 1 9
2 11 19
1 9 m
1 17 x
2 2 8
2 2 10
1 7 w
1 17 q
2 9 17
1 19 m
2 2 20
1 19 x
2 2 21
1 1 b
1 2 e
1 21 d
1 6 z
2 3 11
2 7 11
2 6 10
2 7 14
1 13 b
1 18 m
1 16 f
2 19 19
1 3 s
1 4 l
1 6 s
1 9 j
2 1 10
2 3 20
1 15 d
1 8 l
1 21 z
2 3 18
1 4 a
1 16 w
2 13 15
2 4 10
2 6 20
1 15 l
1 11 k
2 6 10
2 14 17
1 13 h
2 3 21
1 12 f
1 14 d
1 21 o
1 5 m
1 16 z
1 12 e
2 1 10
2 6 8
1 11 b
1 4 n
1 3 z
2 11 16
2 11 17
2 6 20
1 6 d
2 7 12
1 6 g
1 1 l
1 5 w
1 15 s
1 10 f
1 19 y
2 10 15
1 7 n
2 8 17
2 19 19
2 5 21
2 4 17
1 15 j
2 3 13
2 10 12
1 5 f
2 19 19
1 16 m
1 3 o
1 3 k
1 21 s
1 10 j
2 11 12
2 7 11
1 21 t
2 10 15
2 5 9
2 20 21
1 12 p
1 10 h
1 7 p
1 18 o
2 5 13
2 10 12
2 8 16
2 10 19
2 1 14
2 11 20
1 17 q
1 12 f
1 4 n
2 10 21
1 5 z
1 16 x
1 11 m
1 12 g
1 2 e
2 14 18
2 5 8
1 21 c
2 3 18
1 17 w
2 3 13
1 19 q
2 5 10
1 8 t
2 7 10
2 5 10
1 13 h
1 10 x
1 13 g
2 1 18
2 4 13
1 20 j
2 7 12
1 16 k
1 5 e
2 11 18
1 6 o
2 12 16
2 7 20
1 9 l
2 15 18
1 8 j
2 13 17
2 9 16
1 10 v
2 5 16
2 3 10
1 21 t
2 9 10
2 6 20
2 6 15
2 6 7
1 6 d
1 10 n
2 2 8
1 13 l
1 4 v
1 15 s
1 14 h
1 13 o
2 11 14
1 13 o
1 4 k
1 11 q
1 17 x
2 18 21
1 1 k
2 3 8
1 11 m
1 11 b
2 4 9
2 14 17
2 9 11
1 15 o
1 2 c
1 3 h
2 2 16
2 10 15
2 18 21
1 21 p
1 12 l
1 11 o
1 20 y
1 4 y
2 2 3
1 8 c
2 1 3
2 1 2
2 7 8
2 8 15
2 7 13
1 19 y
1 9 h
2 17 18
2 11 16
1 16 s
1 4 t
1 8 p
2 13 18
1 8 k
2 2 5
2 5 21
2 1 7
2 3 11
1 13 t
2 18 20
2 3 11
2 1 12
2 2 14
2 2 9
1 14 k
1 6 v
1 14 m
2 5 20
2 8 20
2 5 21
1 7 d
1 7 k
1 18 c
1 6 t
1 8 v
2 12 19
2 1 19
2 2 19
2 9 16
1 6 z
1 10 i
1 20 d
1 3 g
2 4 8
2 15 21
1 17 w
1 9 x
2 19 20
2 7 11
1 16 b
2 3 6
2 8 18
2 10 18
1 17 p
2 7 12
1 18 l
1 12 s
1 17 l
2 9 17
1 9 b
2 20 21
1 20 h
1 1 f
1 18 l
1 1 i
1 1 t
1 3 m
1 15 r
2 9 20
2 4 17
2 9 13
2 3 19
1 21 k
1 5 x
2 2 14
1 19 x
1 3 i
1 19 d
1 11 h
1 2 z
2 3 4
2 9 11
2 6 14
2 4 20
1 10 m
2 2 20
2 16 18
2 8 17
1 7 w
1 13 h
1 1 y
1 13 v
1 1 e
1 20 l
1 14 m
1 14 e
1 3 s
2 9 19
1 14 h
2 15 17
1 20 w
1 7 w
2 3 4
2 10 13
1 4 q
1 11 y
2 15 19
2 4 7
2 11 16
1 6 d
2 2 11
1 8 w
1 13 f
2 8 20
1 19 j
1 19 w
2 2 4
2 15 16
2 1 19
1 21 w
2 3 7
1 9 e
1 21 n
1 6 v
1 14 h
1 4 e
2 3 15
2 1 12
2 11 12
1 13 d
1 21 y
1 9 e
1 4 q
2 9 18
1 18 w
2 2 10
1 9 e
1 12 z
2 9 11
2 3 3
2 18 20
1 3 t
2 5 9
1 15 c
2 16 18
1 7 m
1 8 j
2 11 20
2 6 15
1 5 l
1 18 m
1 2 u
2 7 14
1 17 h
2 7 16
1 7 l
1 19 f
1 17 s
2 15 17
2 1 10
2 1 12
2 1 4
1 13 y
2 12 13
1 17 x
2 19 20
2 3 21
2 6 17
1 14 y
2 4 19
2 2 14
1 15 o
2 10 20
2 1 17
2 3 17
2 5 15
1 9 j
1 4 l
2 2 11
1 13 w
1 9 p
2 5 11
2 11 19
2 7 9
2 17 17
1 16 y
2 3 16
1 15 s
2 12 15
1 5 x
1 8 r
2 5 18
1 4 f
1 18 v
2 2 7
2 5 10
1 19 x
1 7 x
2 3 20
2 9 16
2 12 20
2 3 21
2 13 17
2 11 20
2 1 14
1 12 z
1 15 b
2 12 19
2 3 12
1 9 o
1 6 r
2 12 19
1 16 r
2 5 17
1 1 a
1 2 l
1 5 s
2 11 20
1 13 q
2 4 10
2 11 20
2 4 4
1 8 d
1 15 o
2 14 20
2 7 12
1 15 w
2 4 17
1 12 k
1 12 o
1 14 c
1 7 f
1 21 d
2 3 6
1 4 v
1 8 l
2 3 14
1 5 z
1 1 z
1 15 z
1 2 y
2 6 11
1 11 s
2 11 20
1 3 q
1 3 o
2 7 21
2 11 12
2 10 21
2 7 19
2 12 16
1 16 y
1 13 g
2 18 21
1 11 y
1 19 d
1 8 t
1 13 h
2 10 12
1 4 k
2 8 15
1 8 m
2 17 19
2 12 19
2 3 20
1 14 b
2 8 21
2 10 18
1 4 i
1 11 t
2 6 19
2 5 20
2 20 20
2 14 15
2 9 13
1 11 i
2 12 21
1 15 i
2 12 19
1 3 p
2 3 17
1 7 v
2 1 14
2 3 7
2 18 20
2 3 14
2 9 14
2 11 21
2 2 3
2 9 18
1 8 k
1 6 j
1 11 e
2 10 19
2 6 7
1 11 l
1 8 z
1 15 y
2 11 12
1 9 q
1 18 a
2 8 9
1 10 k
2 5 20
1 11 c
1 9 b
1 1 d
2 17 17
2 13 20
2 3 6
2 20 21
1 2 h
2 14 14
2 5 10
2 10 20
1 11 y
2 1 2
1 3 b
2 8 18
2 13 14
1 3 e
2 7 7
1 13 z
2 19 20
2 4 11
2 2 19
1 20 v
2 2 14
1 11 v
2 1 18
2 17 21
2 10 17
1 7 k
1 3 a
2 16 19
1 21 j
1 6 h
2 16 16
2 14 17
2 4 13
1 1 o
1 18 w
2 6 17
1 10 u
2 2 16
2 6 16
2 4 18
1 16 d
1 12 j
1 13 b
2 3 13
2 2 12
2 5 15
1 21 r
1 9 a
2 3 4
1 2 w
1 11 s
1 21 q
2 17 20
2 1 13
1 16 q
1 1 i
1 8 x
1 16 r
2 8 19
2 1 11
2 18 21
2 7 16
2 15 16
1 5 e
1 13 f
2 11 20
1 1 u
2 8 15
2 3 21
1 13 c
1 19 q
2 13 13
1 4 w
1 17 s
2 13 19
2 14 20
1 6 j
1 21 c
2 1 4
1 18 d
2 14 16
2 19 20
2 5 11
2 8 19
1 2 c
1 17 x
1 10 i
2 8 8
1 3 r
1 1 g
2 7 8
2 1 10
1 13 k
2 12 18
1 18 q
2 15 19
1 17 z
1 20 p
2 16 20
1 11 x
2 3 16
1 12 m
1 8 f
1 9 w
1 16 p
1 1 u
1 13 j
2 6 11
2 8 8
1 17 f
1 17 j
1 15 r
1 5 w
1 12 g
2 6 19
1 8 v
2 3 11
1 4 y
2 7 20
1 17 x
2 9 9
1 17 t
1 12 w
1 8 t
2 1 6
2 8 21
1 16 a
1 16 c
1 1 d
1 3 c
1 3 t
2 2 10
1 9 s
1 8 p
1 15 s
1 7 x
1 21 z
2 10 14
1 14 v
1 8 c
1 12 i
2 3 8
2 5 12
2 11 21
1 16 e
2 3 14
1 3 b
1 9 k
2 10 10
2 8 14
2 13 18
1 15 a
1 3 d
1 8 i
1 11 o
2 18 18
2 3 17
1 12 o
1 20 m
2 2 6
2 9 13
1 17 u
1 6 x
2 6 7
1 17 c
1 10 e
2 13 21
1 21 g
2 8 21
2 5 9
2 12 15
2 6 7
2 3 16
1 3 u
1 2 i
1 18 s
2 10 19
2 3 17
1 20 a
1 20 w
1 11 d
2 5 17
1 8 w
2 10 15
2 4 15
1 4 g
1 8 l
2 2 5
2 1 16
1 8 t
2 1 19
2 15 19
2 4 18
2 9 17
2 11 21
2 17 20
1 18 d
1 14 e
2 4 14
2 18 19
1 14 n
1 12 v
2 10 20
2 12 16
2 2 3
1 20 p
2 4 18
2 6 7
1 4 e
1 7 s
1 19 e
1 5 b
1 15 l
2 9 11
2 15 16
2 6 8
1 15 t
2 8 21
2 4 11
2 2 7
2 2 6
2 16 20
2 1 17
1 11 v
1 19 p
1 15 r
2 20 21
1 21 x
2 3 5
1 12 v
2 13 18
2 4 20
2 1 13
2 7 15
2 9 20
1 18 q
1 14 y
2 7 18
1 4 w
1 7 v
1 18 s
1 11 y
2 5 15
1 3 b
1 1 w
1 13 s
2 8 11
2 4 14
2 1 17
2 10 12
2 7 13
2 16 21
2 1 15
1 14 f
1 1 k
2 2 7
1 3 p
1 8 w
1 4 v
2 1 20
2 8 20
1 18 z
2 2 2
1 16 x
1 17 o
2 8 8
2 5 10
1 1 y
2 1 6
2 13 19
1 21 m
1 13 x
2 2 18
1 12 b
2 11 15
2 2 18
2 12 20
1 21 c
2 11 21
1 4 o
1 15 h
2 5 16
2 6 9
2 8 8
1 5 r
1 2 i
2 6 21
1 4 r
1 1 w
1 11 f
2 3 13
1 20 s
2 14 18
1 20 p
2 5 19
2 13 13
1 4 t
1 2 g
2 6 8
2 2 19
1 21 w
2 4 15
2 13 16
2 4 9
1 20 u
2 4 7
2 16 21
2 21 21
2 12 16
2 2 14
2 5 21
1 13 s
2 10 20
2 1 8
2 10 10
1 8 c
2 1 16
2 2 4
2 17 21
2 3 8
2 1 8
1 4 h
2 7 17
2 1 13
2 15 18
2 16 17
1 1 s
1 2 e
1 20 q
1 18 p
2 13 18
1 19 u
2 8 11
2 16 18
2 5 17
1 9 s
2 10 20
2 3 10
2 3 14
2 11 21
1 1 g
1 19 d
2 9 17
1 5 k
2 11 21
2 10 10
2 2 15
2 7 21
1 21 t
2 11 15
1 21 a
1 18 d
1 12 e
1 19 w
1 7 j
2 3 9
2 2 14
2 19 20
2 3 21
2 12 19
1 7 r
1 14 t
2 10 19
1 10 z
1 16 r
2 5 16
2 6 10
1 17 f
1 13 f
2 5 18
2 2 3
2 6 12
2 2 14
1 15 t
1 13 y
1 2 a
1 8 i
2 16 19
2 11 15
1 20 q
2 11 13
2 2 9
1 13 q
2 18 19
2 4 18
2 6 6
2 12 15
2 11 20
2 1 4
1 4 t
1 11 e
1 10 z
1 4 t
2 4 20
2 12 16
2 1 3
2 6 17
2 5 21
1 13 h
2 18 21
1 6 q
2 8 11
1 11 b
2 19 21
2 13 17
2 16 20
1 18 r
1 8 f
2 7 12
2 13 18
2 17 18
2 7 12
1 3 j
1 6 t
1 13 e
1 19 x
1 7 x
2 14 18
2 1 3
2 2 4
2 11 16
2 7 8
2 15 20
2 3 17
2 4 5
2 3 19
1 4 h
1 2 i
1 1 a
2 5 7
1 15 p
2 10 17
1 16 h
2 15 19
2 5 14
2 12 13
1 12 a
2 1 20
1 6 w
2 6 11
1 12 u
2 1 17
2 1 14
2 7 11
2 9 15
1 11 y
1 20 l
1 1 x
1 20 w
2 12 16
1 14 k
1 17 r
2 6 8
2 12 17
1 6 b
1 2 a
1 11 h
1 17 k
2 6 18
2 2 9
1 10 h
2 13 18
1 2 o
2 10 13
2 3 16
1 15 m
1 15 i
2 1 13
1 12 t
2 11 18
2 6 9
1 2 t
2 5 18
1 7 x
1 21 u
1 8 f
1 15 p
1 5 h
2 8 8
2 7 17
2 6 14
1 16 f
1 15 w
1 2 u
1 3 r
1 8 n
2 7 11
1 19 f
2 7 7
2 9 20
1 12 a
1 7 u
2 11 13
1 4 v
2 1 4
1 9 g
2 9 9
2 8 15
2 5 15
2 3 13
1 18 q
1 14 k
2 8 8
2 7 9
1 1 e
1 6 m
1 16 w
2 2 4
2 7 18
1 7 u
1 3 q
1 20 b
1 12 q
1 17 k
1 14 s
2 11 20
1 3 c
2 1 15
1 18 h
2 2 18
1 19 y
2 6 13
2 7 8
1 6 y
1 7 d
1 5 g
2 16 21
1 4 u
1 1 a
2 6 20
2 4 21
1 11 x
1 15 q
1 7 q
1 14 n
1 8 w
2 10 19
1 2 i
2 4 15
2 8 18
2 2 17
1 20 p
2 8 19
2 3 14
1 18 b
2 13 15
1 16 o
1 3 h
2 2 7
2 1 9
1 2 g
1 3 j
1 3 d
1 13 p
2 16 16
1 21 x
1 17 p
1 11 s
1 8 g
2 11 15
1 2 e
1 18 f
2 9 20
1 18 u
2 20 20
2 1 8
1 5 y
2 5 16
1 3 d
1 3 p
1 7 p
1 11 h
2 7 18
2 6 12
1 4 g
1 16 m
2 8 12
1 8 l
1 4 c
1 16 y
1 9 o
2 11 21
2 13 19
1 6 q
1 15 e
2 9 14
1 11 u
2 15 18
2 9 12
2 6 12
1 13 z
1 11 i
1 3 p
1 19 o
2 1 21
1 4 y
1 7 v
1 15 a
1 14 r
1 11 h
1 3 z
1 5 r
1 7 e
1 12 r
2 3 19
1 6 g
1 10 i
2 5 16
2 11 13
1 9 k
1 13 u
2 4 4
1 19 u
1 1 a
2 14 20
2 2 18
1 11 l
1 4 s
2 10 21
2 6 6
2 17 18
2 1 10
1 4 j
1 8 w
2 5 10
2 10 21
2 11 16
2 12 13
2 12 19
1 2 g
2 4 9
2 11 20
2 4 21
1 1 d
2 4 6
1 11 a
1 12 k
2 3 8
1 9 g
1 20 c
2 3 14
2 6 19
1 11 b
2 8 10
2 13 21
2 7 14
2 12 20
2 10 10
1 14 b
2 3 3
2 3 8
1 15 b
2 8 12
1 2 n
2 20 21
2 15 19
2 2 6
1 2 j
1 17 n
2 5 14
1 20 l
2 2 3
1 7 u
2 9 10
1 3 t
1 1 a
1 15 p
2 1 3
1 18 h
1 12 w
2 7 17
2 8 11
1 10 c
2 17 21
1 3 f
2 13 13
1 12 d
1 20 f
1 3 e
2 2 21
2 17 21
2 5 9
1 1 g
1 20 g
2 12 16
1 2 x
2 3 13
2 5 11
1 21 l
1 9 s
2 1 4
1 10 a
2 12 21
2 11 15
2 3 19
1 19 p
2 4 16
1 20 c
2 6 13
2 7 13
2 10 11
1 18 v
1 1 u
2 4 15
1 6 f
2 14 20
2 3 14
1 12 w
2 7 19
1 6 d
1 1 f
1 2 u
1 5 j
2 10 20
1 7 y
1 7 t
2 10 15
1 17 j
2 2 11
2 1 16
2 16 18
2 5 13
1 5 a
1 8 v
1 9 y
2 6 13
1 10 j
1 6 e
1 13 i
2 14 15
1 12 i
1 6 j
1 15 x
1 13 s
1 10 i
1 11 c
2 4 12
2 8 15
2 2 16
1 11 v
1 2 b
2 6 10
2 5 18
1 4 i
2 3 19
2 1 7
1 14 b
2 7 18
2 13 21
2 14 16
2 20 21
1 15 b
2 2 9
2 1 18
2 8 11
1 7 h
2 8 15
2 18 21
1 10 s
1 15 n
2 14 16
2 18 18
2 1 2
2 12 17
1 11 z
2 13 16
1 14 k
2 17 18
2 4 16
2 3 15
2 4 11
2 15 19
2 15 20
1 2 d
1 5 u
2 9 9
1 12 s
2 13 17
2 4 14
2 1 17
2 6 7
1 1 u
2 12 15
1 19 h
1 8 f
2 14 20
2 4 16
2 4 16
1 2 o
1 11 d
2 12 17
2 8 20
1 5 p
2 3 11
1 10 t
1 19 z
2 2 3
1 3 q
1 15 e
1 3 r
2 7 11
2 17 18
2 11 20
1 2 g
1 9 q
2 3 10
1 7 e
2 1 8
1 14 a
1 14 o
2 1 17
2 10 14
2 3 16
2 2 12
2 4 17
2 6 21
2 4 15
1 6 c
2 2 14
2 18 19
1 20 o
2 11 15
1 16 r
2 10 10
2 7 17
2 8 13
2 7 15
1 21 c
2 1 15
1 7 k
1 16 w
2 1 4
1 10 t
2 16 20
2 7 18
1 14 p
2 17 20
1 12 z
2 4 16
2 8 10
1 4 m
2 11 18
1 9 m
2 4 5
1 9 u
1 13 u
2 12 18
1 4 b
1 16 h
1 17 u
2 2 9
2 6 18
1 2 v
1 11 l
1 8 o
1 11 f
2 6 19
2 7 18
2 11 17
1 18 e
2 3 17
1 2 b
2 6 9
2 1 5
2 14 18
2 11 14
2 6 18
2 17 21
2 2 6
2 10 14
2 4 12
1 20 r
1 12 x
1 18 z
2 10 20
2 5 21
1 3 j
1 19 t
2 1 3
1 15 z
2 8 13
1 7 q
2 3 19
1 12 f
1 21 r
2 6 7
2 10 12
2 16 18
1 12 x
2 8 21
1 15 j
2 2 16
1 21 q
1 11 g
1 13 k
2 10 10
1 15 u
1 9 b
2 3 11
2 13 18
1 5 b
1 21 l
2 3 15
2 14 21
1 6 f
2 1 19
1 3 t
2 3 18
1 3 v
2 15 21
1 19 a
2 12 21
2 5 19
1 18 p
1 3 d
1 1 u
1 8 f
1 21 d
2 2 16
2 2 5
2 15 15
2 3 11
1 18 v
1 19 n
1 13 t
2 11 19
2 5 8
1 16 v
2 12 13
1 14 d
2 2 7
2 10 13
2 11 21
2 15 17
1 5 v
1 9 h
2 12 21
2 12 20
2 12 18
2 7 10
2 10 18
1 7 t
1 7 q
2 1 3
2 6 17
1 12 c
2 1 17
2 9 9
2 3 21
2 6 12
1 12 i
1 12 s
1 21 s
2 17 21
1 2 v
1 21 z
2 2 5
2 1 11
1 13 y
1 20 x
2 4 8
1 17 i
1 6 o
1 17 d
1 7 r
2 2 18
1 10 y
2 12 21
1 7 b
2 4 8
1 8 s
2 9 19
2 17 18
1 14 b
1 7 a
2 9 15
1 4 z
1 16 y
1 19 k
1 8 t
1 4 i
1 18 v
2 4 19
2 5 14
2 4 9
1 5 f
2 9 20
1 16 k
1 2 b
1 16 x
1 6 e
2 15 20
1 21 v
2 1 8
1 20 s
1 10 q
2 6 11
1 5 e
1 7 g
2 8 10
2 3 7
2 10 16
2 1 17
1 12 f
1 12 u
2 7 11
1 3 p
1 14 i
2 4 16
1 15 k
2 4 6
2 3 19
2 11 12
2 6 12
2 3 10
1 8 s
1 2 m
1 19 m
2 2 6
1 17 e
1 1 v
2 4 13
1 11 g
2 11 21
2 17 19
2 6 11
1 5 q
2 2 15
2 6 13
1 18 o
1 14 a
1 15 y
1 7 c
2 12 19
1 16 x
1 15 d
1 17 z
2 1 10
1 3 n
1 15 e
2 6 7
1 12 b
2 18 21
1 4 j
1 21 c
2 11 18
2 3 12
2 12 20
2 5 17
1 16 o
2 10 20
1 7 v
2 3 9
2 6 10
1 7 o
2 7 9
2 5 7
1 1 y
2 15 16
1 4 r
2 13 15
1 5 k
1 21 v
2 10 19
1 19 q
1 2 x
1 10 t
2 4 15
1 9 h
1 6 b
1 10 c
2 4 11
2 1 6
2 5 14
2 1 17
2 7 11
1 16 r
2 2 19
2 6 18
2 15 16
1 4 g
2 1 7
2 1 14
2 10 20
1 19 d
1 3 b
1 11 i
1 5 k
1 6 x
2 4 19
2 7 7
1 1 m
1 3 l
2 9 14
2 3 20
2 5 6
1 20 a
2 10 11
1 18 v
1 10 i
2 4 14
2 9 20
1 18 s
1 8 q
2 1 11
2 13 21
1 12 x
1 1 a
2 9 12
2 6 20
2 7 16
2 15 20
1 16 f
2 1 11
2 10 15
1 17 g
2 16 18
1 10 l
2 14 21
1 9 q
1 17 w
2 11 21
1 21 y
2 13 16
1 3 j
2 9 18
1 16 a
1 8 b
1 12 v
1 2 w
1 4 x
1 6 k
2 15 16
2 11 12
1 5 y
1 5 k
1 11 o
1 14 i
2 8 13
2 7 18
1 10 x
2 17 20
1 4 v
2 6 9
2 6 17
1 15 n
1 11 y
2 3 14
1 6 r
1 7 d
1 2 r
1 12 a
1 5 z
1 10 y
1 18 d
1 16 n
2 8 11
2 13 14
1 11 h
1 2 s
1 4 t
2 1 8
1 21 n
2 11 13
2 6 11
2 5 19
2 7 18
2 1 1
1 21 d
2 10 20
2 17 21
2 3 9
1 14 s
1 20 c
1 16 f
2 17 20
1 20 d
1 9 w
2 8 21
1 3 c
1 2 j
2 4 18
2 9 12
2 6 13
1 13 d
1 3 p
1 19 t
2 9 14
2 8 10
1 6 x
1 9 j
1 20 d
2 9 14
2 6 7
2 9 16
1 19 z
1 7 m
2 1 9
2 5 21
2 11 18
2 13 14
2 14 17
2 12 15
1 3 a
2 2 5
2 1 19
1 21 h
2 1 20
2 18 21
1 11 u
2 2 16
1 9 z
1 1 q
2 1 18
1 2 g
2 5 8
2 13 14
1 5 g
2 7 20
1 16 q
2 1 19
1 8 l
2 4 19
1 20 t
1 13 z
2 13 14
2 2 10
2 14 16
1 6 d
2 11 18
1 4 b
2 8 21
1 19 u
1 13 m
2 16 19
2 1 10
2 7 17
1 13 e
2 1 4
2 4 8
1 15 g
2 16 19
1 20 n
2 8 14
1 4 x
2 7 13
1 5 y
1 8 a
1 19 v
1 11 g
2 15 19
1 6 h
1 15 i
2 19 21
1 12 c
1 5 e
2 9 14
2 7 19
2 3 9
1 14 r
2 13 14
1 15 h
2 13 17
1 20 c
1 11 x
2 18 18
2 13 13
2 19 20
2 17 18
2 8 14
2 12 13
2 5 16
2 2 9
2 9 20
1 2 d
1 10 x
1 9 i
2 10 18
1 16 f
1 17 p
1 11 t
2 9 19
2 12 15
1 20 z
1 12 o
2 9 13
2 2 14
1 7 p
1 2 g
2 13 17
1 21 q
2 8 14
1 14 w
1 2 j
2 3 3
1 4 r
2 1 11
1 3 d
1 19 u
1 6 v
1 12 r
2 4 18
1 8 i
1 19 l
1 18 s
2 2 20
2 1 8
1 10 o
2 6 17
2 10 15
1 21 e
1 14 g
1 17 s
1 15 w
1 17 x
1 12 m
1 15 w
2 3 8
2 2 14
1 16 w
1 19 s
1 11 i
1 2 a
1 9 t
2 12 13
1 21 x
1 4 n
2 1 20
1 2 h
2 9 21
2 1 16
1 21 o
1 8 f
2 2 2
2 1 17
1 16 n
2 10 20
1 8 n
1 8 q
2 16 16
1 12 j
1 14 k
1 9 y
2 18 20
2 16 20
1 9 m
1 14 l
1 13 r
1 18 g
1 17 g
1 1 b
1 8 d
1 5 e
2 4 5
2 1 16
2 6 10
1 7 u
2 5 5
2 7 7
1 11 r
2 8 20
2 6 12
1 17 t
2 9 16
2 5 12
2 8 19
1 8 v
2 3 21
2 3 7
1 6 d
1 11 w
2 5 19
2 10 17
2 3 18
2 1 13
2 2 4
1 4 l
1 12 q
2 16 20
2 3 19
1 3 u
1 2 z
1 12 e
2 8 9
1 20 l
1 5 j
1 9 p
2 10 17
2 6 18
2 2 9
2 2 4
1 10 b
1 8 q
2 10 11
1 17 j
1 9 d
1 20 f
2 3 11
2 8 11
1 8 t
1 11 h
2 17 17
2 13 19
2 4 16
1 18 t
1 7 k
2 13 15
2 5 16
2 7 7
2 1 20
2 11 12
1 3 a
1 6 v
1 5 c
1 7 b
2 15 20
1 18 x
2 4 14
1 21 m
1 11 a
1 4 n
1 19 s
1 8 i
2 1 2
1 13 k
1 18 r
2 4 5
1 12 k
1 14 i
1 11 z
1 9 m
1 16 y
2 5 17
2 7 12
1 3 s
1 9 s
2 1 11
2 3 16
2 3 3
1 3 u
1 10 k
1 8 s
2 1 19
2 7 11
1 1 l
1 13 i
2 16 19
2 6 7
2 14 15
2 11 12
2 10 12
1 8 g
2 12 14
1 21 p
1 15 a
2 13 15
1 19 a
2 12 20
2 9 9
2 1 20
2 13 17
1 17 h
2 1 11
2 13 19
1 10 q
2 9 13
2 10 13
1 2 y
1 10 w
2 12 16
1 5 g
1 15 a
1 12 i
2 4 18
1 16 f
1 20 o
1 9 s
1 5 o
2 16 19
1 14 p
1 15 p
2 7 20
2 18 21
1 17 i
2 5 16
1 7 g
2 3 10
2 6 16
2 4 12
2 16 16
2 8 17
1 8 j
2 10 12
1 1 e
1 6 u
2 11 12
2 1 17
1 13 t
1 10 w
2 20 21
2 11 16
2 1 10
1 8 m
2 6 17
2 7 14
1 14 d
1 17 i
1 7 i
2 8 20
1 3 n
1 16 x
1 16 s
2 7 16
2 2 6
2 11 17
2 5 9
1 10 e
2 9 18
1 5 o
1 4 j
1 11 d
2 8 21
1 17 d
1 20 x
2 1 3
2 1 5
1 1 j
2 7 18
1 7 t
1 1 y
1 3 m
1 8 h
1 20 u
2 17 21
2 9 12
2 5 13
1 18 u
1 15 o
1 21 u
1 20 m
2 6 15
1 15 a
2 12 15
2 3 9
1 5 a
2 6 17
2 7 21
2 10 19
2 3 17
1 21 b
1 4 s
1 15 x
1 20 y
2 15 20
1 1 s
2 12 13
2 15 19
2 2 5
2 9 21
1 2 j
2 16 18
1 9 i
1 13 d
1 21 d
1 19 m
2 7 8
1 5 q
2 3 3
1 5 t
2 6 16
2 7 8
1 11 k
1 21 s
1 2 j
2 11 16
1 5 r
1 19 m
1 1 t
1 5 e
2 11 12
2 11 11
2 3 18
2 4 4
2 14 14
1 13 x
1 19 m
2 17 19
2 10 11
1 20 n
1 16 w
1 11 j
1 4 c
1 14 s
2 4 6
2 13 14
2 6 16
1 2 v
2 4 19
1 5 z
1 9 t
2 8 13
1 14 b
2 11 11
1 19 c
2 3 9
2 4 16
1 17 x
1 5 h
1 13 y
2 1 16
2 11 13
2 8 17
1 11 p
1 5 n
1 3 a
1 9 i
1 21 o
1 7 a
1 19 l
2 6 11
2 1 11
2 4 10
1 15 e
1 19 l
1 5 g
2 17 17
1 16 w
2 1 16
1 20 t
2 9 21
2 2 12
1 21 g
2 16 21
1 19 e
1 6 o
1 1 m
2 3 4
2 7 8
2 4 7
2 10 15
1 12 l
1 17 c
2 8 17
2 7 15
1 4 s
1 15 o
2 8 11
1 11 y
2 3 9
2 1 3
1 9 p
2 5 7
2 7 14
2 1 20
2 2 4
1 1 w
2 4 12
1 4 v
1 1 x
2 12 17
2 7 12
2 8 11
2 3 12
1 19 f
2 2 12
2 4 16
2 9 10
1 18 j
1 6 j
1 13 c
1 10 h
2 6 20
1 2 h
2 12 13
2 5 6
2 20 20
1 2 n
2 2 10
1 11 k
2 2 10
2 3 8
1 5 p
2 14 17
2 16 20
2 5 11
1 5 j
2 9 15
1 7 z
1 5 n
1 15 y
1 4 z
2 11 16
2 5 11
1 1 l
2 11 12
2 8 13
2 2 7
2 1 2
1 12 r
1 3 r
2 1 8
2 15 19
2 7 20
1 19 a
2 4 20
2 11 12
1 11 c
2 8 19
1 20 a
1 7 n
2 19 21
2 2 10
1 18 r
1 21 e
2 6 17
2 5 17
1 10 l
1 14 c
2 5 14
2 6 15
2 8 15
1 9 w
1 3 a
2 9 19
1 6 s
1 15 e
1 13 f
2 5 10
1 15 n
2 1 17
2 2 17
1 3 h
1 1 b
2 10 19
2 4 21
2 11 15
1 3 n
2 17 20
2 7 14
2 4 18
1 19 z
2 6 16
1 15 k
2 3 11
2 13 18
2 11 16
2 6 12
2 2 5
2 2 16
1 2 t
2 10 17
1 3 j
1 19 c
2 7 8
2 1 9
2 12 17
2 4 5
2 7 11
1 11 d
1 12 e
2 17 20
1 9 p
1 3 n
2 10 14
2 9 9
1 8 b
2 20 21
2 5 11
2 1 18
2 3 7
1 20 r
1 16 m
1 7 f
2 9 19
2 14 19
1 4 o
2 3 4
1 2 i
1 1 l
2 5 19
1 17 u
2 17 18
2 3 7
1 11 e
2 3 9
2 2 10
2 12 18
2 11 17
2 8 15
1 11 o
2 3 4
1 20 i
2 7 8
1 10 r
2 3 13
1 7 r
1 18 q
2 5 12
2 7 8
2 4 4
1 13 g
2 15 17
2 9 14
1 3 r
1 10 e
2 1 16
2 10 13
1 7 s
1 6 u
2 6 18
1 21 q
1 6 l
2 10 16
2 3 13
2 1 20
1 5 i
1 15 g
2 1 8
1 17 z
2 2 18
1 3 o
1 16 n
1 21 t
1 21 e
2 7 12
2 4 6
1 18 w
2 14 18
2 1 21
2 3 18
2 7 19
2 11 16
1 7 a
1 21 s
2 1 16
2 10 20
1 13 f
1 9 t
1 12 u
2 3 17
2 14 18
1 8 o
2 7 9
1 5 i
2 10 11
1 5 l
2 18 20
2 2 3
2 2 21
1 17 r
2 3 20
1 5 o
1 12 j
2 5 20
1 3 n
2 1 16
1 14 n
1 9 n
1 5 d
2 10 17
1 10 h
1 5 e
2 7 11
2 15 15
1 20 m
2 1 7
1 18 y
1 1 v
2 7 7
2 10 17
2 18 21
1 5 q
1 15 h
2 4 21
1 3 r
1 8 g
2 9 20
2 7 13
2 9 20
1 14 g
2 14 14
1 4 b
2 5 17
2 1 12
1 1 d
2 8 11
2 8 16
2 10 17
2 8 20
2 4 14
2 10 21
1 6 b
1 7 l
1 18 g
2 4 21
1 7 i
1 18 q
1 4 a
2 13 15
1 4 g
2 12 19
2 5 8
1 11 g
1 5 m
2 17 18
1 10 o
1 3 z
2 1 6
2 4 16
2 15 19
1 1 d
2 10 11
1 4 f
2 15 21
1 13 h
1 4 h
2 1 5
2 10 18
2 10 14
2 8 9
1 12 f
1 15 f
1 19 k
1 17 c
2 13 19
2 8 9
2 8 17
1 12 f
1 20 u
2 3 11
2 13 14
2 7 15
2 3 14
1 14 q
2 7 19
2 10 11
2 9 14
2 9 20
2 5 16
2 1 20
2 5 6
1 15 o
1 7 i
2 3 9
2 10 21
2 16 21
2 2 5
2 7 14
2 2 11
1 15 g
2 11 19
2 14 20
2 5 15
2 4 17
2 3 7
1 18 s
2 18 19
1 5 c
1 13 i
1 1 s
2 9 20
2 7 14
1 2 y
1 6 r
1 4 r
2 14 21
1 12 f
2 17 20
2 7 13
2 2 4
2 1 4
1 18 g
1 3 g
1 16 a
1 2 d
1 15 l
1 7 f
2 8 11
1 7 k
2 12 19
1 21 g
1 9 h
1 1 l
2 1 13
2 11 16
1 13 f
1 2 z
2 16 19
2 2 9
1 20 y
1 16 v
2 13 15
1 17 w
2 7 18
1 9 y
2 14 20
1 9 c
2 12 16
2 9 11
2 3 14
1 18 x
1 2 u
2 5 8
1 10 d
2 13 21
1 2 u
2 8 15
1 18 t
2 4 15
1 12 p
2 1 4
1 15 w
2 9 12
2 2 21
1 13 p
2 12 14
1 8 j
2 7 18
2 10 15
2 7 9
1 17 o
2 4 11
2 17 17
2 3 12
2 4 7
2 19 21
1 13 b
1 9 b
2 7 17
1 10 e
1 2 g
1 20 l
2 2 14
1 3 g
1 12 t
1 3 b
1 9 w
1 5 p
2 11 16
1 3 d
1 6 j
1 8 o
1 8 d
2 11 16
2 7 11
1 9 f
2 2 12
2 13 21
2 1 6
2 6 20
1 2 e
1 16 g
1 7 o
1 4 h
1 4 n
1 18 j
1 5 t
2 3 3
2 5 8
2 18 19
2 11 21
1 6 n
1 13 i
1 8 x
2 3 18
1 15 n
1 12 k
2 8 12
2 4 21
2 10 14
1 6 s
2 10 11
2 5 19
1 9 q
2 8 15
2 16 21
1 20 o
1 21 m
1 20 v
2 11 15
2 8 17
1 2 s
2 1 17
2 7 17
1 12 t
2 9 19
1 7 q
2 4 20
1 5 m
1 6 z
2 14 20
1 4 u
2 3 17
1 8 y
2 8 16
2 8 16
2 5 15
2 9 19
2 7 8
2 11 17
2 10 18
1 17 o
2 6 15
2 10 20
1 11 a
2 2 10
1 18 q
1 6 u
2 2 3
2 7 10
1 20 h
1 18 v
1 21 y
2 11 21
2 4 11
2 4 13
2 2 8
1 2 j
2 8 11
1 17 q
1 1 n
2 15 16
1 13 r
2 3 4
1 5 w
1 12 z
1 21 t
1 16 x
2 6 18
2 17 19
1 18 v
2 5 6
1 10 f
2 12 15
1 5 w
2 3 15
1 12 k
2 5 14
1 15 r
1 18 g
1 3 j
1 4 h
2 1 1
1 1 d
1 20 c
2 9 16
1 17 g
1 6 y
2 20 21
2 11 21
2 16 16
2 8 14
1 15 g
1 15 n
2 5 13
2 3 9
1 19 r
1 16 o
2 7 19
2 2 10
1 12 f
2 8 14
1 17 p
1 13 u
2 7 18
1 2 w
2 12 14
2 2 18
2 6 21
1 20 d
2 7 11
1 1 f
2 9 12
2 11 17
2 5 21
1 21 j
1 2 k
1 4 f
2 17 21
1 11 v
1 17 q
1 8 b
2 9 19
1 19 s
1 15 y
2 8 15
1 19 z
1 6 b
1 4 l
1 21 y
1 15 c
2 1 9
1 17 x
2 4 11
2 12 14
1 9 q
2 13 18
2 1 14
1 10 w
2 6 9
1 14 o
2 8 12
2 11 19
2 4 20
2 2 3
1 8 a
2 5 19
1 20 a
1 6 q
1 12 b
2 2 16
1 21 j
1 17 h
2 15 20
1 13 s
2 15 18
2 11 12
2 8 12
1 19 t
1 18 b
2 5 17
1 7 g
1 16 w
2 20 21
2 7 19
2 9 19
2 3 5
2 8 11
1 13 k
1 16 x
2 10 21
1 12 c
2 6 11
1 13 c
2 8 19
2 3 7
2 6 7
1 7 n
1 3 r
1 3 m
2 6 21
1 14 w
1 20 e
2 2 10
1 13 u
2 4 10
1 21 t
1 10 e
1 9 c
2 16 21
1 4 v
1 3 u
2 1 15
1 9 u
1 19 k
2 15 18
1 11 n
1 19 i
2 2 18
1 1 z
1 13 o
2 4 13
1 1 m
2 3 3
1 20 c
2 14 20
1 8 v
1 19 p
2 12 14
1 21 p
1 21 h
1 17 d
1 20 s
2 4 9
1 15 v
2 2 20
2 12 14
1 20 u
2 1 15
1 3 d
2 11 11
2 6 12
2 5 6
2 4 15
1 9 n
2 12 20
2 6 11
2 4 10
1 17 c
2 12 14
1 1 b
2 8 15
1 5 n
1 14 f
1 10 v
1 5 l
2 16 18
1 12 k
1 4 t
2 3 13
2 2 7
1 9 y
2 10 11
1 21 g
1 17 y
2 6 15
2 13 14
1 17 z
2 4 19
1 16 z
1 8 x
2 11 14
1 4 f
2 14 20
1 12 y
2 11 21
2 4 18
2 3 8
2 6 17
1 13 u
2 15 20
1 17 o
1 16 o
1 17 j
2 4 15
1 15 t
2 2 6
2 9 20
1 15 y
2 10 21
1 3 u
2 5 15
1 16 q
1 13 f
1 19 f
1 16 c
1 17 f
1 19 m
1 9 q
2 14 18
2 3 9
1 19 m
1 19 w
1 7 t
1 17 m
2 12 20
1 15 q
2 1 13
1 13 x
2 7 20
1 12 a
2 2 4
1 16 z
2 4 13
2 5 5
2 11 11
2 6 11
1 13 i
1 4 v
1 15 w
2 13 20
1 18 d
1 17 i
1 8 b
2 12 12
2 16 18
2 7 11
2 5 19
2 5 6
2 1 3
1 16 h
2 7 8
2 5 8
2 4 15
2 2 2
1 1 c
1 12 x
2 9 10
1 8 z
2 2 17
2 13 15
1 6 z
1 12 k
1 13 y
2 9 15
1 20 s
1 6 r
1 7 i
1 19 b
1 21 v
1 20 u
2 4 5
2 19 19
1 9 h
1 11 a
1 9 n
1 4 t
1 10 q
2 6 9
2 3 7
1 4 z
1 17 d
2 7 18
1 15 n
2 5 15
2 12 19
1 5 r
2 10 19
1 12 a
2 6 16
1 10 j
2 1 6
1 5 e
1 15 i
1 10 y
2 4 7
1 14 e
2 5 17
1 5 v
2 9 18
2 7 14
1 16 v
2 2 8
1 10 g
1 19 r
2 16 19
1 5 q
1 5 e
2 11 20
1 18 d
2 1 4
2 1 14
2 14 19
1 12 i
1 16 c
1 13 a
1 9 h
2 3 19
2 19 20
2 1 6
1 3 k
2 7 9
1 18 w
2 13 13
2 1 7
2 13 18
2 7 19
2 2 21
1 5 n
1 5 j
2 13 14
2 6 14
2 4 7
2 11 13
2 9 19
1 11 d
2 4 19
1 16 f
1 10 s
1 9 a
2 6 8
1 6 v
2 5 5
2 5 13
1 19 w
1 13 r
1 1 c
1 7 s
2 5 15
1 19 h
1 10 k
2 6 17
2 14 16
1 7 g
2 2 16
2 11 21
1 12 v
1 16 w
2 16 17
2 1 15
1 5 w
1 10 y
1 6 g
1 6 o
1 11 f
1 3 m
2 13 20
2 5 17
1 18 z
2 2 20
1 16 b
1 12 g
2 2 2
2 5 10
2 8 13
2 9 18
1 2 n
2 1 12
2 2 12
2 6 17
2 8 14
1 19 j
1 3 d
1 10 m
1 16 a
2 1 14
1 11 r
2 13 21
1 1 o
2 5 20
2 10 19
2 9 18
2 3 6
2 7 10
2 1 21
2 1 16
1 3 d
2 2 12
2 5 18
2 14 16
2 2 6
1 10 n
2 6 18
1 14 t
1 14 s
1 3 e
1 9 n
2 5 18
2 1 5
1 15 g
2 1 9
2 6 17
1 14 n
2 8 18
1 1 q
1 14 q
2 12 19
1 13 h
2 16 20
1 19 o
2 11 19
1 13 a
1 17 z
2 8 21
1 9 d
2 4 19
1 19 h
1 16 s
1 2 b
1 18 i
1 5 u
2 5 8
1 21 j
2 13 19
2 2 21
1 11 d
2 6 18
2 10 17
2 4 8
2 7 19
1 7 h
1 3 g
1 16 m
2 9 10
1 18 n
2 1 14
2 2 3
2 9 16
1 5 l
2 11 14
1 6 s
1 21 m
1 20 j
2 9 12
1 14 j
2 8 16
1 8 d
2 13 20
1 17 c
2 9 14
1 9 j
1 14 k
2 15 16
1 16 w
2 14 15
1 3 z
1 1 d
1 10 h
2 7 14
2 6 17
2 16 19
2 2 16
1 14 m
1 9 h
2 10 21
2 3 11
2 10 18
2 6 15
1 3 g
2 13 21
1 14 m
2 11 15
1 2 f
2 16 17
1 12 s
1 14 g
2 7 8
2 4 10
1 4 n
1 21 o
1 21 m
1 12 o
2 4 13
1 19 v
2 5 14
1 14 t
1 21 o
2 6 16
2 5 11
2 11 21
2 1 13
1 13 y
2 1 16
1 4 k
2 8 13
1 4 d
2 4 19
2 3 3
1 4 h
1 18 l
1 12 c
2 3 10
1 20 d
2 3 5
2 1 13
1 5 o
2 6 12
2 6 8
2 18 21
2 3 5
1 12 w
1 2 w
1 10 b
2 9 13
1 4 i
1 13 f
2 8 16
2 4 16
1 6 u
2 4 21
2 3 10
1 18 r
2 12 21
1 4 a
1 11 x
1 15 n
2 10 11
1 2 w
2 6 17
1 16 i
1 16 n
1 7 b
1 6 a
1 10 h
1 4 u
2 3 9
1 4 y
1 16 b
2 5 10
2 13 20
2 7 17
2 10 12
2 2 12
1 14 q
1 10 n
1 19 g
1 20 h
1 14 b
1 8 r
1 1 c
2 2 9
1 19 w
1 11 n
2 4 21
1 16 h
1 1 m
2 7 20
2 7 9
2 6 20
2 16 17
2 9 16
2 2 9
2 10 21
1 11 m
1 10 e
2 14 21
1 2 q
2 12 13
1 13 c
2 6 18
1 4 h
1 9 x
1 21 j
1 18 q
2 7 15
1 21 x
2 11 16
1 6 s
1 1 g
2 5 21
2 5 5
1 16 b
1 12 m
2 5 11
2 1 4
1 20 l
1 1 q
2 6 18
1 20 j
1 18 r
2 5 17
2 11 19
2 3 5
1 14 d
1 11 o
1 10 n
2 5 5
1 21 b
2 11 16
1 15 t
2 3 13
1 13 k
2 14 17
2 2 15
1 15 o
2 12 16
1 12 w
1 17 y
1 7 g
2 9 9
2 14 14
2 3 14
1 20 d
2 7 8
2 14 21
1 12 t
1 3 s
1 8 r
2 6 21
2 7 19
2 7 17
1 21 f
1 8 m
2 11 21
1 19 s
2 17 17
2 6 10
1 19 n
2 4 18
2 13 21
1 19 o
2 5 12
2 6 10
2 3 16
2 4 6
2 9 11
1 2 r
1 17 c
2 15 21
2 17 20
2 8 10
1 3 x
1 18 r
2 14 17
2 7 11
1 5 m
1 19 x
2 2 14
2 3 7
1 17 e
1 20 m
1 20 x
2 3 9
2 16 18
2 1 14
1 13 r
1 21 n
2 8 9
1 17 g
1 17 a
1 18 i
2 2 6
2 1 15
1 12 m
2 9 10
1 7 i
2 10 14
1 17 h
1 19 i
2 8 17
2 15 18
1 4 m
1 16 t
1 3 c
2 13 18
1 7 t
2 6 21
2 6 8
2 18 21
1 12 v
2 5 15
1 1 e
1 1 e
2 2 10
2 5 13
1 11 b
2 1 3
1 13 k
1 18 x
2 9 15
2 13 20
1 15 k
2 3 19
1 9 c
1 21 d
2 3 5
1 4 f
2 6 17
2 5 20
1 20 e
1 5 s
2 8 19
1 5 s
1 20 v
1 1 g
2 2 12
1 21 x
1 4 f
1 19 c
1 19 b
1 20 o
2 6 11
2 7 9
1 2 r
2 2 12
2 4 8
2 9 20
1 12 l
2 8 20
2 7 20
1 16 c
2 2 3
1 8 f
1 5 a
2 9 16
2 9 14
1 21 t
2 4 18
1 20 h
1 21 b
2 11 14
1 19 c
1 6 r
2 3 21
2 7 21
2 16 18
1 3 a
2 16 19
1 6 t
2 4 14
2 14 17
1 4 p
2 10 18
1 17 a
1 2 b
2 11 20
2 7 21
1 3 i
2 11 16
2 10 13
1 9 a
1 4 z
1 9 f
2 2 10
2 4 8
2 9 16
1 2 z
2 3 5
1 17 t
2 14 19
2 6 17
2 16 16
1 11 j
1 18 u
1 8 o
2 4 13
1 10 s
2 12 16
1 21 f
1 16 c
1 21 o
1 8 s
2 20 20
1 4 v
2 5 5
1 7 j
1 9 f
2 3 21
2 6 10
1 20 d
1 16 z
2 4 11
2 10 17
1 2 g
1 19 h
1 13 f
2 7 19
2 7 17
1 17 u
1 10 n
1 15 g
2 15 17
1 1 e
2 8 13
1 8 a
1 6 d
1 15 b
2 16 17
2 3 7
1 16 o
1 17 f
2 11 19
1 7 c
1 10 o
1 5 w
1 4 h
1 16 m
2 1 9
2 2 10
2 8 15
1 12 t
1 21 b
2 7 13
1 20 g
1 21 g
2 10 15
1 17 y
2 4 4
1 5 c
1 15 m
1 6 d
1 16 n
1 11 g
1 3 t
2 3 21
1 15 p
1 19 u
1 4 f
2 4 13
1 3 l
2 10 18
2 7 17
2 8 9
2 8 12
1 3 w
2 1 10
1 4 n
1 18 k
2 18 19
1 11 r
2 11 20
1 7 s
1 17 i
2 1 15
1 21 h
2 14 20
2 19 21
2 12 15
1 7 c
1 5 s
1 10 b
2 3 13
2 4 14
1 9 z
2 5 10
1 10 y
1 19 m
1 3 c
2 3 6
1 13 o
2 1 6
2 18 20
2 14 14
2 21 21
1 20 y
2 4 9
2 2 14
2 7 15
2 15 21
1 8 o
1 11 n
2 2 8
2 7 16
1 3 b
2 4 17
2 1 21
2 10 14
2 6 15
2 11 16
2 11 17
2 11 12
2 7 15
1 3 u
2 7 7
2 4 17
1 20 b
1 18 k
2 12 16
2 13 14
1 3 n
2 5 12
1 2 d
2 2 21
1 12 b
2 6 17
1 7 g
2 7 21
2 10 21
2 10 17
2 2 13
1 21 u
1 5 c
2 2 13
1 7 b
1 2 f
2 3 21
1 11 k
2 2 21
2 8 12
1 1 b
1 10 e
2 16 16
2 5 21
1 16 p
2 6 11
1 10 z
2 14 15
1 11 w
2 3 18
1 18 b
1 1 p
2 8 20
1 16 y
2 1 6
2 2 5
2 5 18
2 5 11
1 13 w
1 19 d
2 1 18
2 10 20
1 19 n
1 3 n
1 12 r
1 3 p
2 14 18
1 1 d
1 10 q
1 15 w
2 12 19
2 11 14
2 6 14
2 15 19
2 5 13
2 8 19
2 19 21
2 2 3
2 19 20
2 9 21
1 16 f
1 15 j
1 14 n
2 5 17
2 6 8
1 8 q
2 11 12
2 2 10
2 4 21
2 7 7
1 19 t
1 4 k
1 16 v
1 5 b
1 15 v
1 1 x
2 2 5
2 3 19
1 13 b
1 14 m
1 13 c
2 12 19
2 3 17
2 14 18
2 7 21
2 2 10
2 14 19
2 13 17
1 18 a
2 4 18
2 11 21
2 3 3
1 19 g
1 11 z
2 6 18
2 5 15
2 11 15
1 17 o
2 5 21
1 9 g
2 3 18
2 4 12
2 11 20
1 1 q
1 4 m
1 7 o
2 12 17
1 10 l
2 6 8
1 2 n
2 20 20
1 15 a
2 4 6
2 10 10
1 3 x
2 10 19
1 15 w
1 5 v
2 7 20
2 7 7
2 2 7
1 13 q
1 13 s
1 6 n
1 6 d
1 4 b
2 11 12
2 15 16
2 2 10
2 2 19
1 16 e
2 15 16
2 2 18
2 9 17
2 5 7
1 8 l
1 6 c
2 4 13
1 3 p
1 7 f
1 16 c
1 17 c
2 6 11
1 19 n
2 6 8
2 4 17
2 9 10
1 21 p
1 5 o
1 4 z
2 3 14
2 2 15
2 3 20
2 9 18
1 20 y
2 7 9
2 4 9
1 16 c
2 12 13
2 6 8
2 2 6
2 10 20
1 10 h
2 3 15
2 12 17
1 5 b
2 4 15
1 21 j
1 16 y
1 3 s
1 16 p
2 7 10
2 1 16
2 11 15
1 5 g
2 2 6
2 4 14
1 18 f
1 9 w
2 10 21
2 17 17
1 8 s
1 21 h
2 10 11
2 4 19
2 1 18
2 8 13
1 6 n
2 18 18
1 12 g
1 1 s
2 17 20
2 3 18
2 11 17
2 16 18
1 17 t
1 20 o
1 12 s
2 5 6
2 10 21
1 21 a
1 20 z
2 2 3
2 12 17
2 5 10
1 8 w
2 1 3
1 10 e
2 2 16
1 2 i
2 15 18
1 12 p
1 19 x
1 19 e
1 15 l
2 5 10
2 4 14
2 16 18
1 2 k
2 14 14
2 10 14
2 3 6
1 7 n
1 15 x
2 13 19
1 5 l
1 2 u
1 1 d
2 9 15
2 5 8
2 13 14
1 13 e
1 11 k
2 6 10
2 13 19
2 6 14
1 5 u
2 11 19
1 2 l
1 15 l
1 7 q
1 17 f
1 7 z
2 19 20
1 19 b
1 13 j
1 8 y
1 18 i
1 19 v
2 5 13
1 15 k
1 15 e
1 5 z
1 8 u
2 7 11
1 12 h
2 5 13
1 6 u
2 8 19
2 1 3
1 20 a
1 16 r
2 1 4
1 9 a
1 13 h
2 14 18
2 6 16
1 9 p
1 21 b
1 7 l
2 14 19
2 2 8
2 7 19
1 8 g
2 7 19
2 4 5
2 9 9
1 15 a
2 4 14
1 7 j
1 12 g
1 2 x
2 5 13
2 11 14
1 3 d
2 19 21
1 15 e
1 21 i
1 2 x
2 9 10
1 19 v
1 11 z
2 9 18
1 18 o
2 7 14
1 15 x
1 5 a
2 10 21
1 6 g
1 3 g
1 9 a
2 12 17
1 21 d
2 9 21
2 6 19
1 9 n
1 1 d
1 17 x
1 19 t
1 2 r
2 20 21
1 7 n
2 12 16
1 6 t
1 6 p
1 14 k
2 1 16
1 8 v
1 14 i
2 8 11
1 9 f
1 14 x
2 4 18
1 19 l
2 4 19
2 6 9
2 2 2
2 21 21
2 6 7
1 19 y
1 12 g
2 5 8
2 4 13
1 3 p
2 8 10
1 10 y
2 1 13
2 18 19
1 13 g
2 6 7
1 8 d
1 12 v
1 5 c
2 9 10
1 20 t
1 11 s
2 3 21
1 6 r
1 8 p
1 8 j
2 6 6
2 4 20
2 3 17
2 5 17
1 16 c
2 2 6
2 3 17
1 18 i
1 5 i
1 21 y
2 6 20
1 11 o
2 6 11
2 9 18
2 3 3
2 1 20
1 12 o
2 5 13
1 12 j
1 5 c
2 2 3
2 12 19
2 3 15
2 10 14
2 7 21
2 11 15
1 11 b
1 4 f
1 12 s
2 4 9
1 3 g
1 16 z
2 4 16
1 17 h
1 5 c
1 19 p
2 19 20
1 19 d
2 12 14
2 15 17
1 8 i
2 1 18
2 9 20
2 9 17
1 3 s
2 4 10
2 1 10
2 13 21
1 12 h
2 8 20
2 13 18
2 11 14
2 2 10
1 7 z
2 7 13
1 6 k
2 2 18
1 3 v
2 1 21
1 17 p
2 2 14
2 6 9
2 8 12
1 14 s
2 2 5
2 10 11
1 16 i
2 7 8
2 9 13
1 4 x
2 11 15
1 13 p
2 15 16
1 11 l
1 3 i
1 6 p
2 11 17
1 4 r
2 8 13
1 8 k
2 14 18
1 2 q
1 3 w
1 16 w
2 3 12
1 14 t
1 14 k
2 2 18
1 17 d
1 6 o
2 15 17
2 1 15
1 13 r
2 18 20
2 9 17
1 8 k
1 1 j
2 16 19
2 4 14
1 5 w
1 17 l
2 4 5
1 10 q
1 17 j
1 1 f
1 18 v
1 17 o
1 12 d
2 12 15
2 10 13
2 3 7
2 5 12
1 7 v
1 3 g
2 8 9
1 9 a
1 16 v
1 14 x
2 3 7
1 19 d
1 9 f
1 3 e
2 12 19
1 8 g
2 10 10
1 13 x
1 16 u
2 3 11
1 1 u
1 18 p
1 11 h
2 4 20
2 12 13
2 10 21
2 4 9
1 21 d
1 19 c
1 1 c
2 5 13
2 9 9
2 1 13
1 17 y
1 15 j
1 8 h
1 11 t
1 17 b
2 19 21
1 12 p
1 1 c
2 2 18
2 6 9
1 18 z
1 6 w
2 15 17
1 18 c
1 11 t
2 5 10
1 18 s
2 7 19
1 20 w
2 9 15
1 3 b
2 1 6
2 21 21
2 7 14
1 9 d
1 15 p
1 14 r
2 6 16
1 10 e
2 7 15
2 9 12
1 7 c
2 6 18
2 11 14
2 4 6
2 5 13
2 5 16
2 1 18
1 2 i
2 1 9
2 8 11
1 12 s
2 2 15
1 9 i
2 5 19
1 6 r
2 3 19
1 3 h
2 5 19
2 2 6
2 6 12
1 18 q
1 20 i
1 9 n
1 1 l
1 19 x
2 5 17
2 8 9
1 3 y
1 2 d
2 9 11
2 10 13
2 4 15
2 10 20
2 13 14
2 1 8
1 2 u
2 8 15
2 7 16
2 1 9
1 2 p
1 4 g
1 11 r
2 10 13
1 2 z
1 3 u
2 14 15
2 1 17
2 12 19
1 3 x
1 20 c
2 8 21
1 1 v
1 3 d
1 17 o
2 6 15
2 9 13
1 2 w
2 10 10
2 14 20
1 4 r
2 6 15
2 9 10
1 4 r
2 4 14
2 7 17
1 8 q
2 16 21
2 12 13
1 7 t
2 12 19
2 9 13
1 7 p
1 20 n
2 11 14
1 9 r
1 12 u
1 20 m
1 15 f
1 12 a
1 20 d
1 19 d
1 9 f
2 7 8
1 3 p
2 12 13
1 2 l
1 18 h
2 9 18
2 11 14
1 8 t
2 3 19
1 12 e
1 2 g
1 8 o
1 20 c
2 7 18
2 8 20
2 7 8
1 6 d
1 19 b
2 6 12
2 10 13
1 9 u
1 5 k
2 10 20
2 4 8
2 13 18
2 4 16
1 3 q
1 14 g
1 14 a
2 1 9
2 2 5
2 9 14
2 5 15
1 8 j
2 13 17
1 3 i
2 1 4
1 7 q
1 4 g
2 8 12
2 13 17
1 6 t
1 4 x
2 8 17
1 4 o
2 2 10
2 2 10
2 1 17
2 3 5
1 5 j
2 5 18
2 9 15
1 12 s
1 8 i
2 11 20
1 15 w
1 8 g
2 5 6
1 1 n
2 12 21
2 9 21
2 3 14
2 4 12
1 10 j
1 3 q
1 2 r
2 8 16
1 19 w
2 12 18
1 20 d
1 15 x
1 9 d
2 16 19
2 6 18
1 13 c
2 2 19
2 15 18
2 4 14
2 4 20
1 19 u
1 20 b
2 4 4
1 3 e
2 5 21
1 18 r
2 1 16
2 2 15
1 18 l
2 12 13
2 6 13
2 1 9
2 9 10
2 8 14
1 19 u
2 6 21
2 5 16
1 10 p
1 20 e
1 5 k
1 16 e
1 9 i
2 6 17
1 8 f
2 13 15
1 8 x
2 14 19
2 12 15
1 16 t
2 13 17
2 9 14
1 19 n
1 2 p
1 5 w
1 3 u
2 8 9
2 18 18
2 6 19
2 14 15
1 15 n
1 16 m
1 6 d
2 4 13
1 14 y
2 13 20
2 5 9
2 7 9
1 18 m
1 20 h
1 19 y
2 5 9
1 7 t
2 2 20
1 14 c
1 5 p
1 18 f
1 1 n
2 5 7
1 8 y
1 11 k
1 13 g
1 3 c
1 15 d
2 4 14
1 7 k
2 3 6
2 2 14
2 5 17
2 2 16
2 18 20
1 2 b
1 5 e
2 11 12
1 7 b
2 4 7
2 4 7
1 12 g
1 14 v
1 15 i
1 21 v
1 4 w
2 18 20
1 11 o
2 8 16
1 3 k
1 12 s
1 10 k
1 3 t
2 11 18
1 15 r
2 1 13
1 11 c
1 9 a
2 6 17
2 16 19
1 21 f
1 13 f
2 13 21
1 1 l
1 10 v
1 10 q
1 10 o
2 1 5
1 19 a
2 6 11
2 10 17
2 1 21
1 14 h
2 4 13
1 12 o
2 4 12
2 13 19
1 12 h
2 8 9
2 2 7
1 17 z
2 7 18
2 7 11
1 6 i
2 18 20
1 19 h
2 8 10
2 2 21
1 20 e
2 15 18
1 1 s
1 16 b
2 5 7
1 11 m
2 7 9
2 2 13
1 17 l
1 2 o
2 6 7
2 8 10
1 19 p
1 13 b
1 12 l
2 4 18
1 12 w
1 12 f
2 4 4
1 2 h
2 1 3
1 14 e
1 12 y
1 16 k
1 4 a
1 13 r
2 12 16
1 16 d
2 11 14
1 17 z
2 3 20
1 1 d
1 3 d
2 8 8
2 7 15
2 6 16
2 4 10
1 15 h
1 3 x
1 9 l
2 6 6
2 15 18
2 3 3
1 19 d
1 21 g
2 7 11
2 1 7
2 5 15
2 11 20
2 1 6
1 9 j
2 2 6
2 14 17
1 2 h
2 14 19
1 18 f
2 15 16
1 7 r
2 10 13
1 4 g
2 7 17
2 17 20
2 9 14
2 11 18
2 13 21
1 20 e
1 21 y
2 17 21
2 9 16
1 13 o
1 9 c
2 7 19
1 16 i
1 4 v
1 12 c
1 18 w
2 13 19
2 13 17
1 8 o
1 9 u
1 14 p
2 10 12
1 10 c
1 19 c
1 20 v
2 16 20
1 12 e
1 11 q
2 1 18
2 10 19
2 1 14
2 7 8
1 4 o
1 3 m
2 1 4
1 5 y
2 1 16
2 2 14
2 14 17
2 5 21
2 6 15
1 18 x
1 14 o
2 7 15
1 11 u
1 1 b
1 7 k
1 19 a
1 15 q
1 10 k
2 1 15
2 4 6
1 13 s
1 14 n
2 5 19
1 19 u
1 2 b
1 8 b
2 3 6
1 17 l
2 7 16
1 3 w
2 11 14
2 12 17
1 17 b
2 12 13
2 12 19
2 8 15
1 6 q
2 11 18
1 11 e
2 10 14
2 5 15
2 13 16
1 17 m
1 11 o
2 9 13
2 3 8
1 16 h
2 17 20
2 5 7
1 3 p
1 16 r
1 4 i
2 1 4
2 4 17
1 15 a
2 1 9
1 17 t
1 20 i
1 1 a
1 16 h
1 15 t
1 10 p
2 1 15
2 4 4
2 4 18
1 4 l
1 17 g
2 9 14
2 12 13
1 7 v
1 2 f
2 9 10
1 10 k
2 1 7
1 7 h
2 7 8
1 5 j
1 10 z
1 21 u
2 9 13
1 20 w
1 9 s
2 3 4
2 5 16
2 13 21
1 13 o
2 3 7
2 8 12
1 12 j
1 19 h
2 3 12
2 10 13
1 16 k
2 8 9
2 9 13
2 11 15
2 10 18
2 1 2
1 13 o
2 15 19
2 16 21
1 8 g
2 14 15
1 13 n
1 2 a
2 9 14
2 3 20
1 12 w
1 13 d
2 17 20
2 18 19
1 11 n
1 14 j
2 4 16
2 8 20
2 21 21
2 6 16
2 6 20
1 5 w
2 3 9
1 11 x
2 7 15
1 6 g
1 21 d
2 7 13
2 8 10
2 11 21
1 19 r
2 10 17
1 3 h
1 4 s
2 9 20
1 8 o
1 18 o
1 10 u
1 20 f
1 10 t
1 19 t
1 10 t
2 9 13
2 3 14
1 13 t
1 18 e
2 14 20
1 5 p
2 10 20
1 9 u
1 15 q
1 7 p
1 18 s
1 18 f
1 20 j
1 7 e
1 17 z
1 3 j
2 3 11
1 12 s
2 12 15
1 13 u
2 1 20
1 14 n
2 15 19
2 3 18
2 16 18
2 7 10
2 6 8
1 6 c
1 5 q
2 12 20
1 4 w
2 9 16
1 21 g
2 8 21
2 6 16
1 2 x
2 6 9
2 2 19
1 14 q
2 14 18
2 10 12
1 20 i
2 4 10
1 6 b
1 16 h
1 9 j
2 12 16
2 6 12
1 9 s
1 2 n
1 1 p
1 5 f
2 9 21
2 1 1
2 2 5
2 4 13
2 10 18
1 1 k
2 5 12
2 2 14
2 2 5
2 8 18
2 2 12
1 18 g
2 13 18
1 9 p
1 2 b
1 10 o
1 14 d
1 5 b
2 5 10
1 6 i
2 14 19
2 10 21
1 4 p
1 2 g
1 10 u
1 19 y
2 12 18
1 12 s
1 11 d
2 8 13
1 6 e
2 12 20
2 3 6
1 3 d
1 12 t
1 9 d
2 11 17
2 10 12
1 13 w
2 2 5
2 7 13
1 15 p
1 18 c
2 11 12
1 16 x
2 15 19
2 4 12
2 12 15
1 15 a
1 9 t
2 8 20
2 8 17
1 21 v
2 5 21
1 5 k
1 8 r
1 9 h
2 15 16
1 3 k
1 1 c
1 17 g
2 5 15
2 7 21
1 10 f
1 4 a
2 5 13
1 2 j
2 16 18
2 8 20
2 18 21
2 9 13
1 5 l
1 16 w
2 13 21
2 9 19
1 12 u
1 10 l
2 3 4
2 3 9
1 7 x
1 21 w
1 14 f
1 9 o
1 2 e
1 10 u
2 9 15
2 10 10
2 1 16
1 17 s
2 17 21
1 9 z
2 1 3
1 21 f
2 3 10
1 6 r
1 14 m
1 20 t
2 8 14
1 16 d
2 1 7
1 2 i
2 2 18
2 3 6
2 1 20
2 3 20
2 10 20
1 6 m
2 15 18
2 2 15
1 19 w
1 9 u
2 16 19
2 14 17
1 20 f
1 15 g
2 10 15
1 15 b
1 6 l
1 2 l
1 10 n
1 1 d
1 9 u
1 19 g
2 2 13
1 12 r
1 16 i
2 8 9
2 1 8
1 20 c
1 12 a
2 5 15
1 3 z
1 10 g
1 18 d
1 9 l
2 3 4
2 2 12
1 5 g
2 8 10
2 6 14
1 4 v
2 1 6
1 8 u
1 21 y
2 18 21
2 1 11
1 1 u
1 8 k
1 8 d
2 10 21
2 2 17
2 6 9
1 21 g
2 9 18
2 6 16
2 10 11
2 4 8
1 19 l
2 5 6
1 8 h
2 4 12
2 3 7
2 4 14
1 13 f
2 12 17
1 9 e
1 14 g
1 20 s
1 10 j
1 9 e
1 13 c
1 17 l
2 18 18
2 12 13
1 2 h
1 13 o
2 11 17
2 4 8
1 13 r
1 1 y
1 10 j
1 2 z
2 15 20
1 5 v
1 1 n
2 9 15
2 13 15
1 2 d
1 21 x
2 8 19
2 5 5
1 3 f
2 5 7
2 9 21
2 12 16
1 4 r
1 16 m
2 7 12
1 13 w
2 10 10
1 17 n
1 5 u
2 4 19
1 9 c
1 19 h
1 19 m
2 3 15
1 10 v
2 5 21
1 20 g
2 1 5
2 19 21
1 10 h
2 8 11
2 16 18
1 15 c
2 10 12
1 6 u
1 9 r
1 20 a
2 2 8
1 3 r
1 18 m
1 6 l
1 7 w
1 17 s
1 14 w
2 6 6
1 6 h
2 3 11
2 13 19
2 9 16
1 4 w
2 3 4
2 3 8
1 2 l
2 7 16
1 16 x
2 1 20
1 10 v
2 5 19
2 12 13
1 18 e
1 4 u
1 1 p
2 13 13
1 10 n
1 19 q
2 4 20
2 5 8
2 1 18
2 6 15
1 6 k
1 17 y
2 2 12
2 18 18
2 15 21
1 17 n
1 17 m
2 4 4
2 4 15
2 1 5
2 3 9
1 15 q
2 3 9
2 4 9
1 12 t
2 21 21
1 2 v
2 2 6
2 9 20
1 12 l
1 1 z
2 2 7
2 2 4
2 9 18
1 19 u
1 4 q
2 5 8
1 21 l
2 6 21
2 5 9
2 1 10
2 3 12
1 8 n
2 9 10
2 17 19
1 9 g
1 20 a
2 11 13
2 4 6
1 6 o
1 19 v
1 15 u
1 7 m
1 18 s
2 20 20
1 10 q
2 2 7
2 3 9
2 3 4
1 11 y
2 13 19
2 4 8
2 16 19
1 4 b
1 3 f
1 13 d
2 3 17
2 7 15
2 12 18
1 14 g
2 12 15
1 1 b
1 4 w
2 3 12
1 14 w
2 3 16
2 6 12
2 6 10
2 2 7
1 16 d
2 1 17
2 13 18
2 13 17
1 13 s
2 4 12
1 14 p
1 3 c
2 12 20
2 17 20
1 19 p
2 2 15
1 11 i
2 3 4
2 11 15
1 4 u
1 3 a
1 13 k
2 1 15
1 21 w
2 13 20
1 8 r
1 8 h
2 4 7
1 2 l
2 3 6
1 9 d
1 17 n
2 10 11
2 4 16
2 11 19
1 7 f
1 4 q
2 10 18
2 6 11
1 6 t
2 11 19
2 2 9
1 3 k
2 9 10
2 13 13
1 3 i
2 1 1
1 3 n
2 11 21
1 14 g
2 6 8
2 13 18
1 18 i
1 1 q
1 9 h
2 4 8
1 15 d
2 10 17
1 4 w
1 6 s
2 16 21
1 14 y
2 11 12
1 12 d
1 21 b
2 1 15
1 16 v
2 4 5
1 9 k
1 14 j
1 14 c
1 1 g
1 1 x
1 2 v
1 12 h
2 2 9
1 11 r
1 12 x
2 4 11
2 1 21
1 13 b
2 4 7
1 11 r
2 9 15
2 1 14
2 6 7
2 2 16
1 7 b
1 4 v
2 1 19
1 19 r
2 1 5
1 9 r
2 3 21
1 10 r
2 11 11
1 2 d
1 10 v
1 18 x
1 3 y
1 2 d
1 18 t
1 5 c
1 1 t
1 6 k
1 12 h
1 17 l
1 3 q
1 6 f
1 9 l
1 1 o
1 13 a
1 21 x
2 11 19
1 10 b
2 1 6
2 15 21
1 9 u
2 12 16
1 17 o
1 7 g
1 21 r
1 1 s
2 3 21
1 12 o
2 1 1
2 2 21
1 8 z
2 17 19
1 10 i
1 3 k
1 17 f
1 9 a
1 18 u
1 12 k
1 21 v
2 4 16
1 17 s
1 17 u
1 16 c
1 18 j
1 19 h
2 11 21
2 11 11
2 5 9
1 5 c
2 4 6
2 13 21
1 13 b
1 1 j
1 1 z
2 3 3
2 4 6
1 6 o
2 4 7
1 21 s
2 4 20
2 1 12
2 1 20
2 18 19
1 15 a
1 10 c
2 5 6
2 14 17
2 3 12
1 17 l
2 1 11
1 13 i
1 19 m
2 10 20
1 11 k
1 16 q
2 13 17
1 15 c
1 14 i
1 7 m
2 2 14
1 4 c
1 14 i
2 12 14
2 5 12
1 18 a
1 21 w
1 13 m
2 5 8
2 6 8
1 3 j
1 19 e
1 3 k
2 4 8
1 15 l
1 3 u
1 10 e
2 16 16
2 8 13
1 1 y
2 15 15
1 18 h
2 3 5
1 3 y
2 8 13
2 9 9
2 6 20
1 21 e
2 9 14
1 11 o
2 6 17
2 3 4
2 4 19
2 8 21
1 5 r
2 1 18
2 2 9
1 19 s
1 5 y
1 20 r
1 4 q
1 17 j
2 11 18
2 1 12
2 9 17
2 9 16
2 17 19
1 18 o
2 3 6
2 7 9
2 7 20
1 12 z
2 4 6
1 13 m
1 15 a
1 10 k
1 19 o
2 2 13
2 1 20
1 4 o
1 17 q
1 6 q
2 10 13
1 1 d
2 3 17
1 2 t
2 17 20
2 4 19
1 9 s
1 19 q
2 18 20
2 1 12
2 6 17
1 7 g
2 3 6
1 13 u
1 8 u
2 7 19
2 11 14
1 3 u
2 4 21
1 21 y
1 19 c
2 19 20
1 2 r
1 3 r
2 4 15
1 19 f
2 1 18
2 4 14
2 5 8
1 14 l
2 5 13
1 16 r
2 13 14
1 1 b
2 4 9
1 14 o
2 2 11
2 2 3
2 3 18
2 1 19
2 3 15
2 4 15
1 1 j
2 8 17
1 2 m
1 7 u
2 13 13
2 6 10
1 2 r
1 17 z
2 16 19
2 16 18
2 3 15
2 8 12
1 21 s
1 16 w
2 15 21
2 17 18
1 9 w
2 13 14
2 9 20
1 16 y
1 15 f
2 14 20
2 3 4
2 14 16
2 2 21
2 3 7
2 4 15
2 3 9
1 8 e
1 4 o
2 5 15
2 15 17
2 5 11
1 19 l
1 5 n
2 4 14
1 9 m
2 3 16
1 6 z
1 2 f
1 16 k
2 7 13
2 8 17
1 7 e
2 2 13
2 4 18
1 4 s
2 19 21
2 2 7
1 10 n
1 8 f
1 2 p
1 7 k
2 4 20
2 10 10
1 1 r
2 1 10
1 17 n
1 20 r
1 4 f
2 8 15
2 1 6
1 10 g
2 8 16
1 16 d
1 14 v
1 13 u
1 15 b
2 12 18
1 8 o
1 20 f
2 13 20
1 1 u
1 18 k
2 16 19
2 7 12
2 1 15
2 8 21
1 21 b
1 11 z
2 3 21
2 8 10
2 5 11
2 15 16
1 3 a
2 9 17
2 6 11
2 6 21
2 10 13
2 7 19
1 16 h
2 4 18
2 8 12
1 4 g
1 15 k
2 13 20
2 6 10
2 4 7
2 9 11
2 17 19
2 4 4
1 18 t
1 21 d
1 1 t
2 5 19
1 6 w
2 2 19
2 3 16
2 6 11
2 20 20
1 3 p
2 18 19
1 5 m
1 17 c
2 5 21
1 9 q
2 1 2
1 11 u
2 8 11
1 8 a
1 10 o
1 5 s
2 8 18
1 14 l
2 4 10
1 5 e
2 1 15
2 8 11
1 17 s
2 7 18
2 2 18
1 18 v
1 4 n
2 13 16
1 12 q
2 3 17
1 14 t
1 1 h
1 13 s
2 7 16
1 18 m
2 6 17
2 8 20
2 6 6
1 17 q
2 18 18
2 3 20
2 10 10
1 12 m
1 1 j
2 13 15
2 9 18
1 8 v
1 9 y
1 4 g
1 13 x
2 2 18
1 4 s
2 5 16
2 5 11
1 20 u
2 4 12
1 2 m
2 7 11
1 10 k
1 2 f
1 16 b
1 19 i
1 6 r
1 11 r
1 17 s
2 3 14
1 15 v
2 13 16
2 6 8
1 21 f
1 3 d
2 12 17
1 7 c
1 15 u
1 11 s
2 5 17
1 4 e
1 20 a
1 13 t
1 3 h
2 16 17
2 19 21
2 3 15
1 7 m
2 5 8
2 16 16
1 20 a
2 1 9
2 6 17
1 2 y
1 11 t
1 9 m
1 15 c
1 21 w
2 2 18
2 1 8
2 15 19
2 11 13
1 2 a
2 11 17
1 20 t
2 1 2
2 5 20
2 4 16
1 16 b
1 6 k
1 8 d
1 10 z
1 16 v
2 7 10
1 17 i
2 2 9
1 19 g
2 7 11
2 2 14
1 10 o
1 18 h
1 10 h
1 13 e
2 6 17
2 9 20
2 6 21
2 2 6
2 4 12
1 19 n
1 20 a
2 8 15
1 11 u
1 19 u
1 10 o
2 7 10
2 6 19
2 9 11
1 12 d
2 17 17
2 6 20
1 14 z
1 16 x
1 14 a
2 8 16
2 2 14
2 11 15
1 6 k
2 5 18
2 8 16
2 1 13
2 2 16
2 4 9
1 20 l
2 2 20
1 15 o
2 10 19
1 1 y
2 15 19
2 4 17
2 3 20
2 5 12
1 10 f
2 8 14
1 10 g
1 4 p
1 13 f
2 3 20
2 12 18
2 13 18
2 3 20
2 8 20
2 12 20
2 17 21
1 4 n
1 20 b
2 7 10
1 16 l
1 12 t
1 19 a
1 21 x
1 4 k
1 16 s
2 9 13
1 9 q
1 16 r
1 12 l
2 1 6
2 4 10
1 7 b
1 15 t
2 3 14
2 1 13
2 5 10
1 12 p
1 12 p
1 5 t
2 15 16
1 12 z
1 1 k
1 18 s
1 15 p
2 8 13
2 7 17
1 13 d
2 14 21
1 19 p
2 5 17
2 1 18
1 10 g
2 8 14
1 14 p
1 21 r
2 4 13
1 1 x
2 1 19
2 2 13
2 1 14
2 1 13
2 2 9
2 1 13
1 1 r
1 18 h
1 13 s
1 15 c
2 3 10
2 9 14
1 2 h
2 10 19
1 1 a
1 18 j
2 2 19
1 3 s
1 10 q
2 9 19
2 11 21
2 10 16
1 6 r
2 10 16
1 1 o
1 15 q
2 9 20
1 7 u
1 17 r
1 10 a
2 5 17
2 7 20
1 16 s
1 6 e
2 2 20
2 20 21
2 11 13
1 16 r
2 3 3
1 17 r
1 15 c
1 19 u
1 12 e
1 12 j
2 3 19
1 20 b
1 20 t
1 11 v
1 5 s
2 16 21
1 10 z
2 3 18
1 4 r
1 19 i
1 10 q
2 2 3
2 9 17
2 2 15
2 13 20
2 3 19
2 1 7
2 13 13
2 8 17
1 6 l
2 5 7
1 3 o
1 21 p
1 4 t
1 11 d
1 12 o
2 14 14
2 13 17
2 3 13
1 11 u
1 14 z
2 8 12
1 4 g
2 17 17
2 14 20
1 21 d
2 15 17
1 12 d
2 13 14
2 3 20
2 9 11
2 8 20
1 13 w
2 1 1
1 11 r
2 18 20
2 1 13
1 14 u
2 20 21
2 8 17
2 3 5
1 4 l
1 11 p
1 20 f
1 21 y
2 7 14
1 11 m
1 21 u
1 1 x
2 7 19
2 3 21
1 3 q
2 14 20
1 9 o
1 20 s
1 4 r
2 4 13
1 3 b
1 4 z
1 10 p
2 16 16
2 6 8
2 4 15
2 8 13
2 12 13
1 21 s
1 17 d
2 6 17
1 21 j
2 12 14
2 12 12
1 4 d
2 6 8
2 8 17
1 1 i
1 21 y
1 15 p
2 5 6
2 10 14
1 19 f
2 3 12
2 6 7
2 11 13
1 10 n
1 16 r
1 11 s
2 5 9
1 8 e
1 10 v
1 15 n
2 4 13
2 9 19
1 4 m
2 3 10
1 14 w
2 4 14
1 15 l
1 12 n
1 3 e
2 9 13
1 9 q
1 12 c
2 7 16
2 7 19
1 2 j
2 3 18
2 3 17
1 2 w
2 11 21
1 12 s
1 16 v
1 15 y
2 11 20
2 14 16
1 8 k
2 2 9
1 4 s
1 14 c
2 7 11
2 11 19
2 1 10
2 8 9
1 14 d
1 19 a
2 13 21
2 3 11
1 18 i
2 2 6
2 2 20
2 18 19
1 9 q
2 12 20
1 3 f
1 5 h
2 3 5
2 5 6
1 10 v
2 1 7
2 5 19
2 4 21
2 7 10
1 15 g
1 12 i
1 17 q
1 8 b
2 8 18
1 10 s
1 8 k
2 2 13
1 6 f
2 16 16
1 14 p
2 11 12
2 11 17
1 2 a
1 5 c
2 3 16
1 4 a
2 14 19
2 14 21
1 2 m
1 2 h
1 4 q
1 3 z
1 10 t
2 3 15
2 18 19
1 5 i
1 7 c
1 10 o
2 8 16
2 7 18
2 15 20
1 15 h
2 2 10
1 14 d
1 4 g
2 1 6
1 11 h
2 6 18
2 4 9
1 19 t
1 8 s
1 10 x
1 6 z
2 6 17
2 9 18
2 3 13
1 9 g
1 6 z
1 18 x
1 8 b
1 6 h
1 10 s
2 4 9
1 11 p
1 10 e
1 6 l
2 3 11
2 6 13
2 17 21
1 18 b
1 17 i
2 7 17
1 9 b
1 16 d
